1.1000000000000001 22.7908
1.1100000000000001 22.8784
1.1200000000000001 22.9658
1.1300000000000001 23.0528
1.1400000000000001 23.1394
1.1500000000000001 23.1827
1.1600000000000001 23.2689
1.1700000000000002 23.3547
1.1800000000000002 23.4403
1.1900000000000002 23.5255
1.2000000000000002 23.568
1.2100000000000002 23.6528
1.2200000000000002 23.7373
1.2300000000000002 23.8215
1.2400000000000002 23.9054
1.2500000000000002 23.9472
1.2600000000000002 24.0306
1.2700000000000002 24.1138
1.2800000000000002 24.1967
1.2900000000000003 24.2793
1.3000000000000003 24.3616
1.3100000000000003 24.4026
1.3200000000000003 24.4845
1.3300000000000003 24.5661
1.3400000000000003 24.6475
1.3500000000000003 24.7285
1.3600000000000003 24.769
1.3700000000000003 24.8497
1.3800000000000003 24.9301
1.3900000000000003 25.0102
1.4000000000000004 25.0901
1.4100000000000004 25.13
1.4200000000000004 25.2095
1.4300000000000004 25.2888
1.4400000000000004 25.3678
1.4500000000000004 25.4466
1.4600000000000004 25.4859
1.4700000000000004 25.5643
1.4800000000000004 25.6425
1.4900000000000004 25.7204
1.5000000000000004 25.7981
1.5100000000000005 25.8369
1.5200000000000005 25.9142
1.5300000000000005 25.9914
1.5400000000000005 26.0682
1.5500000000000005 26.1449
1.5600000000000005 26.1832
1.5700000000000005 26.2595
1.5800000000000005 26.3356
1.5900000000000005 26.4115
1.6000000000000005 26.4872
1.6100000000000005 26.5249
1.6200000000000006 26.6003
1.6300000000000006 26.6754
1.6400000000000006 26.7503
1.6500000000000006 26.825
1.6600000000000006 26.8623
1.6700000000000006 26.9367
1.6800000000000006 27.0109
1.6900000000000006 27.0849
1.7000000000000006 27.1587
1.7100000000000006 27.1955
1.7200000000000006 27.269
1.7300000000000006 27.3423
1.7400000000000007 27.4154
1.7500000000000007 27.4883
1.7600000000000007 27.5247
1.7700000000000007 27.5973
1.7800000000000007 27.6697
1.7900000000000007 27.7419
1.8000000000000007 27.814
1.8100000000000007 27.8499
1.8200000000000007 27.9217
1.8300000000000007 27.9933
1.8400000000000007 28.0647
1.8500000000000008 28.1359
1.8600000000000008 28.1715
1.8700000000000008 28.2424
1.8800000000000008 28.3132
1.8900000000000008 28.3838
1.9000000000000008 28.4542
1.9100000000000008 28.4893
1.9200000000000008 28.5595
1.9300000000000008 28.6295
1.9400000000000008 28.6993
1.9500000000000008 28.7689
1.9600000000000009 28.8037
1.9700000000000009 28.8731
1.9800000000000009 28.9423
1.9900000000000009 29.0114
2.0000000000000009 29.0803
2.0100000000000007 29.149
2.0200000000000005 29.1833
2.0300000000000002 29.2518
2.04 29.3201
2.0499999999999998 29.3883
2.0599999999999996 29.4563
2.0699999999999994 29.4903
2.0799999999999992 29.5581
2.089999999999999 29.6257
2.0999999999999988 29.6932
2.1099999999999985 29.7605
2.1199999999999983 29.7941
2.1299999999999981 29.8612
2.1399999999999979 29.9281
2.1499999999999977 29.9949
2.1599999999999975 30.0615
2.1699999999999973 30.0948
2.1799999999999971 30.1612
2.1899999999999968 30.2275
2.1999999999999966 30.2936
2.2099999999999964 30.3596
2.2199999999999962 30.3925
2.229999999999996 30.4583
2.2399999999999958 30.5239
2.2499999999999956 30.5894
2.2599999999999953 30.6548
2.2699999999999951 30.6874
2.2799999999999949 30.7525
2.2899999999999947 30.8175
2.2999999999999945 30.8824
2.3099999999999943 30.9471
2.3199999999999941 30.9794
2.3299999999999939 31.044
2.3399999999999936 31.1084
2.3499999999999934 31.1726
2.3599999999999932 31.2367
2.369999999999993 31.2688
2.3799999999999928 31.3327
2.3899999999999926 31.3965
2.3999999999999924 31.4602
2.4099999999999921 31.5237
2.4199999999999919 31.5554
2.4299999999999917 31.6188
2.4399999999999915 31.682
2.4499999999999913 31.7451
2.4599999999999911 31.8081
2.4699999999999909 31.8395
2.4799999999999907 31.9023
2.4899999999999904 31.9649
2.4999999999999902 32.0275
2.50999999999999 32.0899
2.5199999999999898 32.1211
2.5299999999999896 32.1833
2.5399999999999894 32.2454
2.5499999999999892 32.3074
2.559999999999989 32.3693
2.5699999999999887 32.4002
2.5799999999999885 32.4619
2.5899999999999883 32.5234
2.5999999999999881 32.5849
2.6099999999999879 32.6463
2.6199999999999877 32.6769
2.6299999999999875 32.7381
2.6399999999999872 32.7991
2.649999999999987 32.8601
2.6599999999999868 32.9209
2.6699999999999866 32.9513
2.6799999999999864 33.012
2.6899999999999862 33.0725
2.699999999999986 33.0725
2.7099999999999858 7.5
2.7199999999999855 7.5
2.7299999999999853 7.5
2.7399999999999851 7.5
2.7499999999999849 7.5
2.7599999999999847 7.5
2.7699999999999845 7.63333
2.7799999999999843 7.63333
2.789999999999984 7.63333
2.7999999999999838 7.63333
2.8099999999999836 7.63333
2.8199999999999834 7.63333
2.8299999999999832 7.76434
2.839999999999983 7.89313
2.8499999999999828 8.14452
2.8599999999999826 8.38826
2.8699999999999823 8.50747
2.8799999999999821 8.50747
2.8899999999999819 8.62501
2.8999999999999817 8.85536
2.9099999999999815 8.96829
2.9199999999999813 9.18992
2.9299999999999811 9.40628
2.9399999999999809 9.40628
2.9499999999999806 9.51259
2.9599999999999804 9.72169
2.9699999999999802 9.82455
2.97999999999998 10.0271
2.9899999999999798 10.2256
2.9999999999999796 10.3234
3.0099999999999794 10.4202
3.0199999999999791 10.6113
3.0299999999999789 10.7055
3.0399999999999787 10.8915
3.0499999999999785 11.0744
3.0599999999999783 11.2543
3.0699999999999781 11.3431
3.0799999999999779 11.5188
3.0899999999999777 11.6917
3.0999999999999774 11.7773
3.1099999999999772 11.9465
3.119999999999977 12.1133
3.1299999999999768 12.1959
3.1399999999999766 12.2779
3.1499999999999764 12.3593
3.1599999999999762 12.5206
3.1699999999999759 12.6798
3.1799999999999757 12.8371
3.1899999999999755 12.9924
3.1999999999999753 13.0694
3.2099999999999751 13.1459
3.2199999999999749 13.1459
3.2299999999999747 13.222
3.2399999999999745 13.3728
3.2499999999999742 13.4476
3.259999999999974 13.5959
3.2699999999999738 13.7426
3.2799999999999736 13.8877
3.2899999999999734 14.0314
3.2999999999999732 14.1026
3.309999999999973 14.1026
3.3199999999999728 14.1026
3.3299999999999725 14.1026
3.3399999999999723 14.1026
3.3499999999999721 14.1736
3.3599999999999719 14.3143
3.3699999999999717 14.4537
3.3799999999999715 14.5917
3.3899999999999713 14.7285
3.399999999999971 14.7964
3.4099999999999708 14.9312
3.4199999999999706 15.0649
3.4299999999999704 15.0649
3.4399999999999702 15.0649
3.44999999999997 15.0649
3.4599999999999698 15.0649
3.4699999999999696 15.0649
3.4799999999999693 15.0649
3.4899999999999691 7.5
3.4999999999999689 7.5
3.5099999999999687 7.5
3.5199999999999685 7.5
3.5299999999999683 7.5
3.5399999999999681 7.5
3.5499999999999678 7.5
3.5599999999999676 7.5
3.5699999999999674 7.5
3.5799999999999672 7.5
3.589999999999967 7.63333
3.5999999999999668 7.63333
3.6099999999999666 7.63333
3.6199999999999664 7.63333
3.6299999999999661 7.63333
3.6399999999999659 7.63333
3.6499999999999657 7.63333
3.6599999999999655 7.63333
3.6699999999999653 7.63333
3.6799999999999651 7.63333
3.6899999999999649 7.63333
3.6999999999999647 7.63333
3.7099999999999644 7.63333
3.7199999999999642 7.63333
3.729999999999964 7.63333
3.7399999999999638 7.63333
3.7499999999999636 7.63333
3.7599999999999634 7.63333
3.7699999999999632 7.63333
3.7799999999999629 7.63333
3.7899999999999627 1
3.7999999999999625 1
3.8099999999999623 1
3.8199999999999621 1
3.8299999999999619 1
3.8399999999999617 1
3.8499999999999615 2
3.8599999999999612 2
3.869999999999961 2
3.8799999999999608 2
3.8899999999999606 2
3.8999999999999604 2
3.9099999999999602 3.33333
3.91999999999996 3.33333
3.9299999999999597 3.33333
3.9399999999999595 3.33333
3.9499999999999593 3.33333
3.9599999999999591 3.33333
3.9699999999999589 3.90856
3.9799999999999587 4.16441
3.9899999999999585 4.16441
3.9999999999999583 4.16441
4.009999999999958 4.16441
4.0199999999999578 4.16441
4.0299999999999576 4.63158
4.0399999999999574 4.84749
4.0499999999999572 5.05378
4.059999999999957 5.05378
4.0699999999999568 5.05378
4.0799999999999566 5.05378
4.0899999999999563 5.05378
4.0999999999999561 5.25165
4.1099999999999559 5.62582
4.1199999999999557 5.97588
4.1299999999999555 5.97588
4.1399999999999553 5.97588
4.1499999999999551 5.97588
4.1599999999999548 6.14322
4.1699999999999546 6.46458
4.1799999999999544 6.61927
4.1899999999999542 6.77034
4.199999999999954 6.77034
4.2099999999999538 6.77034
4.2199999999999536 6.77034
4.2299999999999534 6.91805
4.2399999999999531 7.20419
4.2499999999999529 7.47918
4.2599999999999527 7.61288
4.2699999999999525 7.61288
4.2799999999999523 7.61288
4.2899999999999521 7.61288
4.2999999999999519 7.87337
4.3099999999999516 8.12537
4.3199999999999514 8.24844
4.3299999999999512 8.48916
4.339999999999951 8.48916
4.3499999999999508 8.48916
4.3599999999999506 8.48916
4.3699999999999504 8.48916
4.3799999999999502 8.72314
4.3899999999999499 8.95093
4.3999999999999497 9.17299
4.4099999999999495 9.38974
4.4199999999999493 9.38974
4.4299999999999491 9.38974
4.4399999999999489 9.38974
4.4499999999999487 9.38974
4.4599999999999485 9.49624
4.4699999999999482 9.7057
4.479999999999948 9.80873
4.4899999999999478 10.0116
4.4999999999999476 10.2104
4.5099999999999474 10.3083
4.5199999999999472 10.3083
4.529999999999947 10.3083
4.5399999999999467 10.3083
4.5499999999999465 10.3083
4.5599999999999463 10.4053
4.5699999999999461 10.5966
4.5799999999999459 10.691
4.5899999999999457 10.8773
4.5999999999999455 11.0604
4.6099999999999453 11.2405
4.619999999999945 11.2405
4.6299999999999448 11.2405
4.6399999999999446 11.2405
4.6499999999999444 11.2405
4.6599999999999442 11.2405
4.669999999999944 11.3294
4.6799999999999438 11.4177
4.6899999999999435 11.5922
4.6999999999999433 11.7641
4.7099999999999431 11.9335
4.7199999999999429 12.1005
4.7299999999999427 12.1831
4.7399999999999425 12.1831
4.7499999999999423 12.1831
4.7599999999999421 12.1831
4.7699999999999418 12.1831
4.7799999999999416 12.1831
4.7899999999999414 12.2652
4.7999999999999412 12.4277
4.809999999999941 12.5882
4.8199999999999408 12.7465
4.8299999999999406 12.825
4.8399999999999403 12.825
4.8499999999999401 6.4125
4.8599999999999399 6.4125
4.8699999999999397 6.4125
4.8799999999999395 6.4125
4.8899999999999393 6.4125
4.8999999999999391 6.4125
4.9099999999999389 6.4125
4.9199999999999386 6.4125
4.9299999999999384 6.4125
4.9399999999999382 6.4125
4.949999999999938 6.4125
4.9599999999999378 6.4125
4.9699999999999376 6.56844
4.9799999999999374 6.56844
4.9899999999999372 6.56844
4.9999999999999369 6.56844
5.0099999999999367 6.56844
5.0199999999999365 6.56844
5.0299999999999363 6.56844
5.0399999999999361 6.86948
5.0499999999999359 7.1576
5.0599999999999357 7.43435
5.0699999999999354 7.43435
5.0799999999999352 7.43435
5.089999999999935 7.43435
5.0999999999999348 7.43435
5.1099999999999346 7.43435
5.1199999999999344 7.43435
5.1299999999999342 7.70098
5.139999999999934 7.83083
5.1499999999999337 7.95853
5.1599999999999335 7.95853
5.1699999999999333 7.95853
5.1799999999999331 7.95853
5.1899999999999329 7.95853
5.1999999999999327 7.95853
5.2099999999999325 3.97927
5.2199999999999322 3.97927
5.229999999999932 3.97927
5.2399999999999318 3.97927
5.2499999999999316 3.97927
5.2599999999999314 3.97927
5.2699999999999312 3.97927
5.279999999999931 3.97927
5.2899999999999308 4.23057
5.2999999999999305 4.46694
5.3099999999999303 4.69081
5.3199999999999301 4.69081
5.3299999999999299 4.69081
5.3399999999999297 4.69081
5.3499999999999295 4.90399
5.3599999999999293 5.10791
5.3699999999999291 5.49223
5.3799999999999288 5.49223
5.3899999999999286 5.49223
5.3999999999999284 5.49223
5.4099999999999282 5.49223
5.419999999999928 5.67431
5.4299999999999278 5.85054
5.4399999999999276 6.02146
5.4499999999999273 6.34915
5.4599999999999271 6.34915
5.4699999999999269 6.34915
5.4799999999999267 6.34915
5.4899999999999265 6.34915
5.4999999999999263 6.34915
5.5099999999999261 6.66034
5.5199999999999259 6.95732
5.5299999999999256 6.95732
5.5399999999999254 7.24188
5.5499999999999252 7.24188
5.559999999999925 7.24188
5.5699999999999248 7.24188
5.5799999999999246 7.24188
5.5899999999999244 7.24188
5.5999999999999241 7.51546
5.6099999999999239 7.77927
5.6199999999999237 7.90781
5.6299999999999235 8.03427
5.6399999999999233 8.15874
5.6499999999999231 8.15874
5.6599999999999229 8.15874
5.6699999999999227 8.15874
5.6799999999999224 8.15874
5.6899999999999222 8.15874
5.699999999999922 8.40206
5.7099999999999218 8.63843
5.7199999999999216 8.7542
5.7299999999999214 8.7542
5.7399999999999212 8.7542
5.749999999999921 8.7542
5.7599999999999207 4.3771
5.7699999999999205 4.3771
5.7799999999999203 4.3771
5.7899999999999201 4.3771
5.7999999999999199 4.3771
5.8099999999999197 4.3771
5.8199999999999195 4.3771
5.8299999999999192 4.3771
5.839999999999919 4.60556
5.8499999999999188 5.03004
5.8599999999999186 5.22885
5.8699999999999184 5.22885
5.8799999999999182 5.22885
5.889999999999918 5.22885
5.8999999999999178 5.22885
5.9099999999999175 5.60459
5.9199999999999173 5.95594
5.9299999999999171 6.12384
5.9399999999999169 6.12384
5.9499999999999167 6.12384
5.9599999999999165 6.12384
5.9699999999999163 6.12384
5.979999999999916 6.28713
5.9899999999999158 6.60132
5.9999999999999156 6.90089
6.0099999999999154 7.0458
6.0199999999999152 7.0458
6.029999999999915 7.0458
6.0399999999999148 7.0458
6.0499999999999146 7.0458
6.0599999999999143 7.18773
6.0699999999999141 7.46334
6.0799999999999139 7.59733
6.0899999999999137 7.85834
6.0999999999999135 7.98559
6.1099999999999133 7.98559
6.1199999999999131 7.98559
6.1299999999999129 7.98559
6.1399999999999126 7.98559
6.1499999999999124 7.98559
6.1599999999999122 8.23411
6.169999999999912 8.47523
6.1799999999999118 8.47523
6.1899999999999116 8.47523
6.1999999999999114 8.47523
6.2099999999999111 8.47523
6.2199999999999109 8.47523
6.2299999999999107 8.47523
6.2399999999999105 8.47523
6.2499999999999103 4.23762
6.2599999999999101 4.23762
6.2699999999999099 4.23762
6.2799999999999097 4.23762
6.2899999999999094 4.23762
6.2999999999999092 4.23762
6.309999999999909 4.23762
6.3199999999999088 4.23762
6.3299999999999086 4.23762
6.3399999999999084 4.23762
6.3499999999999082 4.23762
6.3599999999999079 4.23762
6.3699999999999077 4.23762
6.3799999999999075 4.23762
6.3899999999999073 4.23762
6.3999999999999071 4.23762
6.4099999999999069 4.23762
6.4199999999999067 4.23762
6.4299999999999065 4.23762
6.4399999999999062 4.23762
6.449999999999906 1
6.4599999999999058 1
6.4699999999999056 1
6.4799999999999054 1
6.4899999999999052 1
6.499999999999905 1
6.5099999999999048 1
6.5199999999999045 1
6.5299999999999043 1
6.5399999999999041 1
6.5499999999999039 1
6.5599999999999037 1
6.5699999999999035 1
6.5799999999999033 1
6.589999999999903 1
6.5999999999999028 1
6.6099999999999026 1
6.6199999999999024 1
6.6299999999999022 1
6.639999999999902 1
6.6499999999999018 1
6.6599999999999016 1
6.6699999999999013 1
6.6799999999999011 1
6.6899999999999009 1
6.6999999999999007 1
6.7099999999999005 1
6.7199999999999003 1
6.7299999999999001 1
6.7399999999998998 1
6.7499999999998996 1
6.7599999999998994 1
6.7699999999998992 1
6.779999999999899 1
6.7899999999998988 1
6.7999999999998986 1
6.8099999999998984 1
6.8199999999998981 1
6.8299999999998979 1
6.8399999999998977 1
6.8499999999998975 1
6.8599999999998973 1
6.8699999999998971 1
6.8799999999998969 1
6.8899999999998967 1
6.8999999999998964 1
6.9099999999998962 2
6.919999999999896 2
6.9299999999998958 2
6.9399999999998956 2
6.9499999999998954 2
6.9599999999998952 2
6.9699999999998949 2.9
6.9799999999998947 2.9
6.9899999999998945 2.9
6.9999999999998943 2.9
7.0099999999998941 2.9
7.0199999999998939 2.9
7.0299999999998937 3.24483
7.0399999999998935 3.55301
7.0499999999998932 3.55301
7.059999999999893 3.55301
7.0699999999998928 3.55301
7.0799999999998926 3.55301
7.0899999999998924 3.55301
7.0999999999998922 4.09525
7.109999999999892 4.33944
7.1199999999998917 4.33944
7.1299999999998915 4.33944
7.1399999999998913 4.33944
7.1499999999998911 4.33944
7.1599999999998909 4.33944
7.1699999999998907 4.56988
7.1799999999998905 4.78871
7.1899999999998903 5.19763
7.19999999999989 5.19763
7.2099999999998898 5.19763
7.2199999999998896 5.19763
7.2299999999998894 5.19763
7.2399999999998892 5.19763
7.249999999999889 5.19763
7.2599999999998888 5.39003
7.2699999999998886 5.75491
7.2799999999998883 5.92867
7.2899999999998881 6.09735
7.2999999999998879 6.09735
7.3099999999998877 6.09735
7.3199999999998875 6.09735
7.3299999999998873 6.09735
7.3399999999998871 6.09735
7.3499999999998868 6.09735
7.3599999999998866 6.26135
7.3699999999998864 6.5768
7.3799999999998862 6.72885
7.389999999999886 7.02286
7.3999999999998858 7.02286
7.4099999999998856 7.02286
7.4199999999998854 7.02286
7.4299999999998851 7.02286
7.4399999999998849 7.02286
7.4499999999998847 7.02286
7.4599999999998845 7.02286
7.4699999999998843 7.30482
7.4799999999998841 7.57609
7.4899999999998839 7.70809
7.4999999999998836 7.96541
7.5099999999998834 7.96541
7.5199999999998832 7.96541
7.529999999999883 7.96541
7.5399999999998828 7.96541
7.5499999999998826 7.96541
7.5599999999998824 7.96541
7.5699999999998822 8.09095
7.5799999999998819 8.33628
7.5899999999998817 8.45624
7.5999999999998815 8.69112
7.6099999999998813 8.80618
7.6199999999998811 8.80618
7.6299999999998809 8.80618
7.6399999999998807 8.80618
7.6499999999998805 8.80618
7.6599999999998802 8.91974
7.66999999999988 9.03185
7.6799999999998798 9.14257
7.6899999999998796 9.36003
7.6999999999998794 9.5725
7.7099999999998792 9.67696
7.719999999999879 9.67696
7.7299999999998787 9.67696
7.7399999999998785 9.67696
7.7499999999998783 9.7803
7.7599999999998781 9.98374
7.7699999999998779 10.0839
7.7799999999998777 10.2813
7.7899999999998775 10.3785
7.7999999999998773 10.5704
7.809999999999877 10.5704
7.8199999999998768 10.5704
7.8299999999998766 10.5704
7.8399999999998764 10.665
7.8499999999998762 10.7587
7.859999999999876 10.8517
7.8699999999998758 11.0352
7.8799999999998755 11.2157
7.8899999999998753 11.3049
7.8999999999998751 11.4811
7.9099999999998749 11.4811
7.9199999999998747 11.4811
7.9299999999998745 11.5682
7.9399999999998743 11.6546
7.9499999999998741 11.8256
7.9599999999998738 11.9941
7.9699999999998736 11.9941
7.9799999999998734 5.99707
7.9899999999998732 5.99707
7.999999999999873 5.99707
8.0099999999998737 5.99707
8.0199999999998735 5.99707
8.0299999999998732 5.99707
8.039999999999873 5.99707
8.0499999999998728 5.99707
8.0599999999998726 6.16382
8.0699999999998724 6.16382
8.0799999999998722 6.16382
8.089999999999872 6.32605
8.0999999999998717 6.48413
8.1099999999998715 6.48413
8.1199999999998713 6.78899
8.1299999999998711 7.08046
8.1399999999998709 7.08046
8.1499999999998707 7.08046
8.1599999999998705 7.08046
8.1699999999998703 7.22169
8.17999999999987 7.49603
8.1899999999998698 7.76051
8.1999999999998696 8.01612
8.2099999999998694 8.01612
8.2199999999998692 8.01612
8.229999999999869 8.01612
8.2399999999998688 8.01612
8.2499999999998685 8.2637
8.2599999999998683 8.38471
8.2699999999998681 8.62157
8.2799999999998679 8.85201
8.2899999999998677 8.96497
8.2999999999998675 8.96497
8.3099999999998673 8.96497
8.3199999999998671 8.96497
8.3299999999998668 9.07652
8.3399999999998666 9.29555
8.3499999999998664 9.50947
8.3599999999998662 9.61463
8.369999999999866 9.82153
8.3799999999998658 9.82153
8.3899999999998656 9.82153
8.3999999999998654 9.92335
8.4099999999998651 10.0241
8.4199999999998649 10.2227
8.4299999999998647 10.3205
8.4399999999998645 5.16024
8.4499999999998643 5.16024
8.4599999999998641 5.16024
8.4699999999998639 5.16024
8.4799999999998636 5.16024
8.4899999999998634 5.16024
8.4999999999998632 5.16024
8.509999999999863 5.16024
8.5199999999998628 5.35403
8.5299999999998626 5.35403
8.5399999999998624 5.35403
8.5499999999998622 5.54081
8.5599999999998619 5.89607
8.5699999999998617 5.89607
8.5799999999998615 6.23054
8.5899999999998613 6.23054
8.5999999999998611 6.23054
8.6099999999998609 6.23054
8.6199999999998607 6.39104
8.6299999999998604 6.70024
8.6399999999998602 6.99548
8.64999999999986 7.13843
8.6599999999998598 7.13843
8.6699999999998596 7.13843
8.6799999999998594 7.13843
8.6899999999998592 7.27852
8.699999999999859 7.55075
8.7099999999998587 7.81334
8.7199999999998585 8.06725
8.7299999999998583 8.06725
8.7399999999998581 8.06725
8.7499999999998579 8.06725
8.7599999999998577 8.06725
8.7699999999998575 8.19121
8.7799999999998573 8.31329
8.789999999999857 8.55216
8.7999999999998568 8.78444
8.8099999999998566 9.01066
8.8199999999998564 9.01066
8.8299999999998562 9.01066
8.839999999999856 9.01066
8.8499999999998558 9.01066
8.8599999999998555 9.01066
8.8699999999998553 9.23127
8.8799999999998551 9.33959
8.8899999999998549 9.55252
8.8999999999998547 9.55252
8.9099999999998545 4.77626
8.9199999999998543 4.77626
8.9299999999998541 4.77626
8.9399999999998538 4.77626
8.9499999999998536 4.77626
8.9599999999998534 4.77626
8.9699999999998532 4.77626
8.979999999999853 4.77626
8.9899999999998528 4.77626
8.9999999999998526 4.98563
9.0099999999998523 4.98563
9.0199999999998521 4.98563
9.0299999999998519 4.98563
9.0399999999998517 4.98563
9.0499999999998515 4.98563
9.0599999999998513 5.18621
9.0699999999998511 5.56493
9.0799999999998509 5.74463
9.0899999999998506 5.74463
9.0999999999998504 5.74463
9.1099999999998502 5.74463
9.11999999999985 5.74463
9.1299999999998498 5.74463
9.1399999999998496 5.91871
9.1499999999998494 6.25193
9.1599999999998492 6.56784
9.1699999999998489 6.56784
9.1799999999998487 6.56784
9.1899999999998485 6.56784
9.1999999999998483 6.56784
9.2099999999998481 6.56784
9.2199999999998479 6.8689
9.2299999999998477 7.01449
9.2399999999998474 7.29677
9.2499999999998472 7.43382
9.259999999999847 7.43382
9.2699999999998468 7.43382
9.2799999999998466 7.43382
9.2899999999998464 7.43382
9.2999999999998462 7.56834
9.309999999999846 7.83033
9.3199999999998457 8.0837
9.3299999999998455 8.2074
9.3399999999998453 8.32925
9.3499999999998451 8.32925
9.3599999999998449 8.32925
9.3699999999998447 8.32925
9.3799999999998445 8.4493
9.3899999999998442 8.68438
9.399999999999844 8.91317
9.4099999999998438 9.13616
9.4199999999998436 9.24561
9.4299999999998434 9.24561
9.4399999999998432 9.24561
9.449999999999843 9.24561
9.4599999999998428 9.24561
9.4699999999998425 9.46068
9.4799999999998423 9.56638
9.4899999999998421 9.77432
9.4999999999998419 9.77432
9.5099999999998417 4.88716
9.5199999999998415 4.88716
9.5299999999998413 4.88716
9.5399999999998411 4.88716
9.5499999999998408 4.88716
9.5599999999998406 4.88716
9.5699999999998404 4.88716
9.5799999999998402 4.88716
9.58999999999984 4.88716
9.5999999999998398 5.09178
9.6099999999998396 5.09178
9.6199999999998393 5.09178
9.6299999999998391 5.09178
9.6399999999998389 5.09178
9.6499999999998387 5.09178
9.6599999999998385 5.47727
9.6699999999998383 5.83653
9.6799999999998381 6.00786
9.6899999999998379 6.00786
9.6999999999998376 6.00786
9.7099999999998374 6.00786
9.7199999999998372 6.00786
9.729999999999837 6.17431
9.7399999999998368 6.33627
9.7499999999998366 6.64808
9.7599999999998364 6.94559
9.7699999999998361 6.94559
9.7799999999998359 6.94559
9.7899999999998357 6.94559
9.7999999999998355 6.94559
9.8099999999998353 6.94559
9.8199999999998351 7.08957
9.8299999999998349 7.36892
9.8399999999998347 7.50463
9.8499999999998344 7.7688
9.8599999999998342 7.7688
9.869999999999834 7.7688
9.8799999999998338 7.7688
9.8899999999998336 8.02415
9.8999999999998334 8.27149
9.9099999999998332 8.51154
9.919999999999833 8.62903
9.9299999999998327 8.62903
9.9399999999998325 8.62903
9.9499999999998323 8.62903
9.9599999999998321 8.74492
9.9699999999998319 8.97214
9.9799999999998317 9.19369
9.9899999999998315 9.30246
9.9999999999998312 9.51623
