1.1000000000000001 22.7908
1.1100000000000001 22.8784
1.1200000000000001 22.9658
1.1300000000000001 23.0528
1.1400000000000001 23.1394
1.1500000000000001 23.1827
1.1600000000000001 23.2689
1.1700000000000002 23.3547
1.1800000000000002 23.4403
1.1900000000000002 23.5255
1.2000000000000002 23.568
1.2100000000000002 23.6528
1.2200000000000002 23.7373
1.2300000000000002 23.8215
1.2400000000000002 23.9054
1.2500000000000002 23.9472
1.2600000000000002 24.0306
1.2700000000000002 24.1138
1.2800000000000002 24.1967
1.2900000000000003 24.2793
1.3000000000000003 24.3616
1.3100000000000003 24.4026
1.3200000000000003 24.4845
1.3300000000000003 24.5661
1.3400000000000003 24.6475
1.3500000000000003 24.7285
1.3600000000000003 24.769
1.3700000000000003 24.8497
1.3800000000000003 24.9301
1.3900000000000003 25.0102
1.4000000000000004 25.0901
1.4100000000000004 25.13
1.4200000000000004 25.2095
1.4300000000000004 25.2888
1.4400000000000004 25.3678
1.4500000000000004 25.4466
1.4600000000000004 25.4859
1.4700000000000004 25.5643
1.4800000000000004 25.6425
1.4900000000000004 25.7204
1.5000000000000004 25.7981
1.5100000000000005 25.8369
1.5200000000000005 25.9142
1.5300000000000005 25.9914
1.5400000000000005 26.0682
1.5500000000000005 26.1449
1.5600000000000005 26.1832
1.5700000000000005 26.2595
1.5800000000000005 26.3356
1.5900000000000005 26.4115
1.6000000000000005 26.4872
1.6100000000000005 26.5249
1.6200000000000006 26.6003
1.6300000000000006 26.6754
1.6400000000000006 26.7503
1.6500000000000006 26.825
1.6600000000000006 26.8623
1.6700000000000006 26.9367
1.6800000000000006 27.0109
1.6900000000000006 27.0849
1.7000000000000006 27.1587
1.7100000000000006 27.1955
1.7200000000000006 27.269
1.7300000000000006 27.3423
1.7400000000000007 27.4154
1.7500000000000007 27.4883
1.7600000000000007 27.5247
1.7700000000000007 27.5973
1.7800000000000007 27.6697
1.7900000000000007 27.7419
1.8000000000000007 27.814
1.8100000000000007 27.8499
1.8200000000000007 27.9217
1.8300000000000007 27.9933
1.8400000000000007 28.0647
1.8500000000000008 28.1359
1.8600000000000008 28.1715
1.8700000000000008 28.2424
1.8800000000000008 28.3132
1.8900000000000008 28.3838
1.9000000000000008 28.4542
1.9100000000000008 28.4893
1.9200000000000008 28.5595
1.9300000000000008 28.6295
1.9400000000000008 28.6993
1.9500000000000008 28.7689
1.9600000000000009 28.8037
1.9700000000000009 28.8731
1.9800000000000009 28.9423
1.9900000000000009 29.0114
2.0000000000000009 29.0803
2.0100000000000007 29.149
2.0200000000000005 29.1833
2.0300000000000002 29.2518
2.04 29.3201
2.0499999999999998 29.3883
2.0599999999999996 29.4563
2.0699999999999994 29.4903
2.0799999999999992 29.5581
2.089999999999999 29.6257
2.0999999999999988 29.6932
2.1099999999999985 29.7605
2.1199999999999983 29.7941
2.1299999999999981 29.8612
2.1399999999999979 29.9281
2.1499999999999977 29.9949
2.1599999999999975 30.0615
2.1699999999999973 30.0948
2.1799999999999971 30.1612
2.1899999999999968 30.2275
2.1999999999999966 30.2936
2.2099999999999964 30.3596
2.2199999999999962 30.3925
2.229999999999996 30.4583
2.2399999999999958 30.5239
2.2499999999999956 30.5894
2.2599999999999953 30.6548
2.2699999999999951 30.6874
2.2799999999999949 30.7525
2.2899999999999947 30.8175
2.2999999999999945 30.8824
2.3099999999999943 30.9471
2.3199999999999941 30.9794
2.3299999999999939 31.044
2.3399999999999936 31.1084
2.3499999999999934 31.1726
2.3599999999999932 31.2367
2.369999999999993 31.2688
2.3799999999999928 31.3327
2.3899999999999926 31.3965
2.3999999999999924 31.4602
2.4099999999999921 31.5237
2.4199999999999919 31.5554
2.4299999999999917 31.6188
2.4399999999999915 31.682
2.4499999999999913 31.7451
2.4599999999999911 31.8081
2.4699999999999909 31.8395
2.4799999999999907 31.9023
2.4899999999999904 31.9649
2.4999999999999902 32.0275
2.50999999999999 32.0899
2.5199999999999898 32.1211
2.5299999999999896 32.1833
2.5399999999999894 32.2454
2.5499999999999892 32.3074
2.559999999999989 32.3693
2.5699999999999887 32.4002
2.5799999999999885 32.4619
2.5899999999999883 32.5234
2.5999999999999881 32.5849
2.6099999999999879 32.6463
2.6199999999999877 32.6769
2.6299999999999875 32.7381
2.6399999999999872 32.7991
2.649999999999987 32.8601
2.6599999999999868 32.9209
2.6699999999999866 32.9513
2.6799999999999864 33.012
2.6899999999999862 33.0725
2.699999999999986 33.0725
2.7099999999999858 7.5
2.7199999999999855 7.5
2.7299999999999853 7.5
2.7399999999999851 7.5
2.7499999999999849 7.5
2.7599999999999847 7.5
2.7699999999999845 7.63333
2.7799999999999843 7.63333
2.789999999999984 7.63333
2.7999999999999838 7.63333
2.8099999999999836 7.63333
2.8199999999999834 7.63333
2.8299999999999832 7.76434
2.839999999999983 7.89313
2.8499999999999828 8.14452
2.8599999999999826 8.38826
2.8699999999999823 8.50747
2.8799999999999821 8.50747
2.8899999999999819 8.62501
2.8999999999999817 8.85536
2.9099999999999815 8.96829
2.9199999999999813 9.18992
2.9299999999999811 9.40628
2.9399999999999809 9.40628
2.9499999999999806 9.51259
2.9599999999999804 9.72169
2.9699999999999802 9.82455
2.97999999999998 10.0271
2.9899999999999798 10.2256
2.9999999999999796 10.3234
3.0099999999999794 10.4202
3.0199999999999791 10.6113
3.0299999999999789 10.7055
3.0399999999999787 10.8915
3.0499999999999785 11.0744
3.0599999999999783 11.2543
3.0699999999999781 11.3431
3.0799999999999779 11.5188
3.0899999999999777 11.6917
3.0999999999999774 11.7773
3.1099999999999772 11.9465
3.119999999999977 12.1133
3.1299999999999768 12.1959
3.1399999999999766 12.2779
3.1499999999999764 12.3593
3.1599999999999762 12.5206
3.1699999999999759 12.6798
3.1799999999999757 12.8371
3.1899999999999755 12.9924
3.1999999999999753 13.0694
3.2099999999999751 13.1459
3.2199999999999749 13.1459
3.2299999999999747 13.222
3.2399999999999745 13.3728
3.2499999999999742 13.4476
3.259999999999974 13.5959
3.2699999999999738 13.7426
3.2799999999999736 13.8877
3.2899999999999734 14.0314
3.2999999999999732 14.1026
3.309999999999973 14.1026
3.3199999999999728 14.1026
3.3299999999999725 14.1026
3.3399999999999723 14.1026
3.3499999999999721 14.1736
3.3599999999999719 14.3143
3.3699999999999717 14.4537
3.3799999999999715 14.5917
3.3899999999999713 14.7285
3.399999999999971 14.7964
3.4099999999999708 14.9312
3.4199999999999706 15.0649
3.4299999999999704 15.0649
3.4399999999999702 15.0649
3.44999999999997 15.0649
3.4599999999999698 15.0649
3.4699999999999696 15.0649
3.4799999999999693 15.0649
3.4899999999999691 7.5
3.4999999999999689 7.5
3.5099999999999687 7.5
3.5199999999999685 7.5
3.5299999999999683 7.5
3.5399999999999681 7.5
3.5499999999999678 7.5
3.5599999999999676 7.5
3.5699999999999674 7.5
3.5799999999999672 7.5
3.589999999999967 6.5
3.5999999999999668 6.5
3.6099999999999666 6.5
3.6199999999999664 6.5
3.6299999999999661 6.5
3.6399999999999659 6.5
3.6499999999999657 7.63333
3.6599999999999655 7.76434
3.6699999999999653 7.76434
3.6799999999999651 7.76434
3.6899999999999649 7.76434
3.6999999999999647 7.76434
3.7099999999999644 8.01982
3.7199999999999642 8.2673
3.729999999999964 8.50747
3.7399999999999638 8.62501
3.7499999999999636 8.62501
3.7599999999999634 8.62501
3.7699999999999632 8.85536
3.7799999999999629 9.07979
3.7899999999999627 9.29874
3.7999999999999625 9.40628
3.8099999999999623 9.51259
3.8199999999999621 9.51259
3.8299999999999619 9.72169
3.8399999999999617 9.92634
3.8499999999999615 10.1268
3.8599999999999612 10.3234
3.869999999999961 10.4202
3.8799999999999608 10.4202
3.8899999999999606 10.5162
3.8999999999999604 10.7055
3.9099999999999602 10.8915
3.91999999999996 11.0744
3.9299999999999597 11.2543
3.9399999999999595 11.3431
3.9499999999999593 11.3431
3.9599999999999591 11.5188
3.9699999999999589 11.6917
3.9799999999999587 11.8622
3.9899999999999585 11.9465
3.9999999999999583 12.1133
4.009999999999958 12.2779
4.0199999999999578 12.2779
4.0299999999999576 12.2779
4.0399999999999574 12.3593
4.0499999999999572 12.5206
4.059999999999957 12.6798
4.0699999999999568 12.8371
4.0799999999999566 12.9924
4.0899999999999563 13.0694
4.0999999999999561 13.222
4.1099999999999559 13.222
4.1199999999999557 13.222
4.1299999999999555 13.222
4.1399999999999553 13.2976
4.1499999999999551 13.4476
4.1599999999999548 13.5959
4.1699999999999546 13.7426
4.1799999999999544 13.8877
4.1899999999999542 13.9597
4.199999999999954 14.1026
4.2099999999999538 14.1736
4.2199999999999536 14.1736
4.2299999999999534 14.2441
4.2399999999999531 14.2441
4.2499999999999529 7.12206
4.2599999999999527 7.12206
4.2699999999999525 7.12206
4.2799999999999523 7.12206
4.2899999999999521 7.12206
4.2999999999999519 7.12206
4.3099999999999516 7.12206
4.3199999999999514 7.12206
4.3299999999999512 7.12206
4.339999999999951 7.26246
4.3499999999999508 7.26246
4.3599999999999506 7.26246
4.3699999999999504 7.26246
4.3799999999999502 7.26246
4.3899999999999499 7.26246
4.3999999999999497 7.40016
4.4099999999999495 7.53529
4.4199999999999493 7.79841
4.4299999999999491 8.0528
4.4399999999999489 8.17698
4.4499999999999487 8.17698
4.4599999999999485 8.17698
4.4699999999999482 8.17698
4.479999999999948 8.29927
4.4899999999999478 8.53854
4.4999999999999476 8.77118
4.5099999999999474 8.88519
4.5199999999999472 9.10888
4.529999999999947 9.10888
4.5399999999999467 9.10888
4.5499999999999465 9.10888
4.5599999999999463 9.10888
4.5699999999999461 9.21866
4.5799999999999459 9.43435
4.5899999999999457 9.64516
4.5999999999999455 9.85142
4.6099999999999453 9.95293
4.619999999999945 10.0534
4.6299999999999448 10.0534
4.6399999999999446 10.0534
4.6499999999999444 10.0534
4.6599999999999442 10.0534
4.669999999999944 10.1529
4.6799999999999438 10.3489
4.6899999999999435 10.3489
4.6999999999999433 5.17446
4.7099999999999431 5.17446
4.7199999999999429 5.17446
4.7299999999999427 5.17446
4.7399999999999425 5.17446
4.7499999999999423 5.17446
4.7599999999999421 5.17446
4.7699999999999418 5.17446
4.7799999999999416 5.17446
4.7899999999999414 5.17446
4.7999999999999412 5.36771
4.809999999999941 5.36771
4.8199999999999408 5.36771
4.8299999999999406 5.36771
4.8399999999999403 5.36771
4.8499999999999401 5.36771
4.8599999999999399 5.55401
4.8699999999999397 5.73406
4.8799999999999395 6.07771
4.8899999999999393 6.24224
4.8999999999999391 6.24224
4.9099999999999389 6.24224
4.9199999999999386 6.24224
4.9299999999999384 6.24224
4.9399999999999382 6.24224
4.949999999999938 6.55863
4.9599999999999378 6.86011
4.9699999999999376 7.00588
4.9799999999999374 7.14862
4.9899999999999372 7.14862
4.9999999999999369 7.14862
5.0099999999999367 7.14862
5.0199999999999365 7.14862
5.0299999999999363 7.14862
5.0399999999999361 7.42571
5.0499999999999359 7.69264
5.0599999999999357 7.69264
5.0699999999999354 7.69264
5.0799999999999352 7.69264
5.089999999999935 7.69264
5.0999999999999348 7.69264
5.1099999999999346 7.69264
5.1199999999999344 3.84632
5.1299999999999342 3.84632
5.139999999999934 3.84632
5.1499999999999337 3.84632
5.1599999999999335 3.84632
5.1699999999999333 3.84632
5.1799999999999331 3.84632
5.1899999999999329 4.10631
5.1999999999999327 4.34984
5.2099999999999325 4.57973
5.2199999999999322 4.57973
5.229999999999932 4.57973
5.2399999999999318 4.57973
5.2499999999999316 4.57973
5.2599999999999314 4.79808
5.2699999999999312 5.20624
5.279999999999931 5.39832
5.2899999999999308 5.39832
5.2999999999999305 5.39832
5.3099999999999303 5.39832
5.3199999999999301 5.39832
5.3299999999999299 5.58356
5.3399999999999297 5.93619
5.3499999999999295 6.26846
5.3599999999999293 6.26846
5.3699999999999291 6.26846
5.3799999999999288 6.26846
5.3899999999999286 6.26846
5.3999999999999284 6.26846
5.4099999999999282 6.42799
5.419999999999928 6.58356
5.4299999999999278 6.88392
5.4399999999999276 7.17145
5.4499999999999273 7.17145
5.4599999999999271 7.17145
5.4699999999999269 7.17145
5.4799999999999267 7.17145
5.4899999999999265 7.17145
5.4999999999999263 7.31089
5.5099999999999261 7.58194
5.5199999999999259 7.58194
5.5299999999999256 3.79097
5.5399999999999254 3.79097
5.5499999999999252 3.79097
5.559999999999925 3.79097
5.5699999999999248 3.79097
5.5799999999999246 3.79097
5.5899999999999244 3.79097
5.5999999999999241 3.79097
5.6099999999999239 3.79097
5.6199999999999237 3.79097
5.6299999999999235 4.05476
5.6399999999999233 4.05476
5.6499999999999231 4.05476
5.6599999999999229 4.05476
5.6699999999999227 4.05476
5.6799999999999224 4.05476
5.6899999999999222 4.05476
5.699999999999922 4.53386
5.7099999999999218 4.96476
5.7199999999999216 4.96476
5.7299999999999214 4.96476
5.7399999999999212 4.96476
5.749999999999921 4.96476
5.7599999999999207 4.96476
5.7699999999999205 4.96476
5.7799999999999203 4.96476
5.7899999999999201 5.35974
5.7999999999999199 5.72662
5.8099999999999197 5.72662
5.8199999999999195 5.72662
5.8299999999999192 5.72662
5.839999999999919 5.72662
5.8499999999999188 5.72662
5.8599999999999186 5.90124
5.8699999999999184 6.0707
5.8799999999999182 6.3958
5.889999999999918 6.55215
5.8999999999999178 6.55215
5.9099999999999175 6.55215
5.9199999999999173 6.55215
5.9299999999999171 6.55215
5.9399999999999169 6.55215
5.9499999999999167 6.70477
5.9599999999999165 6.85392
5.9699999999999163 6.99982
5.979999999999916 7.28269
5.9899999999999158 7.42
5.9999999999999156 7.42
6.0099999999999154 7.42
6.0199999999999152 7.55477
6.029999999999915 7.55477
6.0399999999999148 7.68713
6.0499999999999146 7.94515
6.0599999999999143 8.19491
6.0699999999999141 8.31694
6.0799999999999139 8.31694
6.0899999999999137 8.31694
6.0999999999999135 8.43717
6.1099999999999133 8.43717
6.1199999999999131 8.43717
6.1299999999999129 8.67258
6.1399999999999126 8.90168
6.1499999999999124 9.12495
6.1599999999999122 9.23454
6.169999999999912 9.23454
6.1799999999999118 9.23454
6.1899999999999116 9.34283
6.1999999999999114 9.34283
6.2099999999999111 9.44986
6.2199999999999109 9.55569
6.2299999999999107 9.76385
6.2399999999999105 9.96763
6.2499999999999103 10.1673
6.2599999999999101 10.1673
6.2699999999999099 10.1673
6.2799999999999097 10.2656
6.2899999999999094 10.4595
6.2999999999999092 10.5551
6.309999999999909 5.27757
6.3199999999999088 5.27757
6.3299999999999086 5.27757
6.3399999999999084 5.27757
6.3499999999999082 5.27757
6.3599999999999079 5.27757
6.3699999999999077 5.27757
6.3799999999999075 5.27757
6.3899999999999073 5.46705
6.3999999999999071 5.46705
6.4099999999999069 5.46705
6.4199999999999067 5.46705
6.4299999999999065 5.64997
6.4399999999999062 5.99858
6.449999999999906 6.16528
6.4599999999999058 6.32748
6.4699999999999056 6.32748
6.4799999999999054 6.32748
6.4899999999999052 6.32748
6.499999999999905 6.48552
6.5099999999999048 6.79032
6.5199999999999045 7.08173
6.5299999999999043 7.22294
6.5399999999999041 7.22294
6.5499999999999039 7.22294
6.5599999999999037 7.22294
6.5699999999999035 7.22294
6.5799999999999033 7.49723
6.589999999999903 7.63061
6.5999999999999028 7.8905
6.6099999999999026 8.14197
6.6199999999999024 8.14197
6.6299999999999022 8.14197
6.639999999999902 8.14197
6.6499999999999018 8.14197
6.6599999999999016 8.14197
6.6699999999999013 8.38578
6.6799999999999011 8.62261
6.6899999999999009 8.73859
6.6999999999999007 8.96598
6.7099999999999005 9.07751
6.7199999999999003 9.07751
6.7299999999999001 9.07751
6.7399999999998998 9.07751
6.7499999999998996 9.07751
6.7599999999998994 9.18767
6.7699999999998992 9.40408
6.779999999999899 9.51042
6.7899999999998988 4.75521
6.7999999999998986 4.75521
6.8099999999998984 4.75521
6.8199999999998981 4.75521
6.8299999999998979 4.75521
6.8399999999998977 4.75521
6.8499999999998975 4.75521
6.8599999999998973 4.75521
6.8699999999998971 4.75521
6.8799999999998969 4.75521
6.8899999999998967 4.9655
6.8999999999998964 4.9655
6.9099999999998962 4.9655
6.919999999999896 4.9655
6.9299999999998958 4.9655
6.9399999999998956 4.9655
6.9499999999998954 4.9655
6.9599999999998952 5.36043
6.9699999999998949 5.72726
6.9799999999998947 5.72726
6.9899999999998945 5.72726
6.9999999999998943 5.72726
7.0099999999998941 5.72726
7.0199999999998939 5.72726
7.0299999999998937 6.07131
7.0399999999998935 6.39637
7.0499999999998932 6.55271
7.059999999999893 6.55271
7.0699999999998928 6.55271
7.0799999999998926 6.55271
7.0899999999998924 6.55271
7.0999999999998922 6.55271
7.109999999999892 6.70532
7.1199999999998917 7.00035
7.1299999999998915 7.28319
7.1399999999998913 7.42049
7.1499999999998911 7.42049
7.1599999999998909 7.42049
7.1699999999998907 7.42049
7.1799999999998905 7.55525
7.1899999999998903 7.81769
7.19999999999989 7.94561
7.2099999999998898 8.19536
7.2199999999998896 8.31738
7.2299999999998894 8.31738
7.2399999999998892 8.31738
7.249999999999889 8.31738
7.2599999999998888 8.31738
7.2699999999998886 8.55612
7.2799999999998883 8.7883
7.2899999999998881 9.01442
7.2999999999998879 9.12535
7.3099999999998877 9.23494
7.3199999999998875 9.23494
7.3299999999998873 9.23494
7.3399999999998871 9.23494
7.3499999999998868 9.23494
7.3599999999998866 9.34322
7.3699999999998864 9.55607
7.3799999999998862 9.76423
7.389999999999886 9.96799
7.3999999999998858 10.0683
7.4099999999998856 10.1676
7.4199999999998854 10.1676
7.4299999999998851 10.1676
7.4399999999998849 10.1676
7.4499999999998847 10.1676
7.4599999999998845 10.3634
7.4699999999998843 10.5555
7.4799999999998841 10.7441
7.4899999999998839 10.9295
7.4999999999998836 11.021
7.5099999999998834 11.1117
7.5199999999998832 11.1117
7.529999999999883 11.291
7.5399999999998828 11.4674
7.5499999999998826 11.5546
7.5599999999998824 11.7271
7.5699999999998822 11.897
7.5799999999998819 12.0645
7.5899999999998817 12.0645
7.5999999999998815 12.0645
7.6099999999998813 12.1474
7.6199999999998811 12.3115
7.6299999999998809 12.4734
7.6399999999998807 12.6332
7.6499999999998805 12.7124
7.6599999999998802 12.8692
7.66999999999988 13.0242
7.6799999999998798 13.0242
7.6899999999998796 13.1773
7.6999999999998794 13.2532
7.7099999999998792 13.3286
7.719999999999879 6.66432
7.7299999999998787 6.66432
7.7399999999998785 6.66432
7.7499999999998783 6.66432
7.7599999999998781 6.66432
7.7699999999998779 6.66432
7.7799999999998777 6.66432
7.7899999999998775 6.81437
7.7999999999998773 6.81437
7.809999999999877 6.81437
7.8199999999998768 6.81437
7.8299999999998766 6.81437
7.8399999999998764 6.81437
7.8499999999998762 7.10477
7.859999999999876 7.38354
7.8699999999998758 7.51898
7.8799999999998755 7.65197
7.8899999999998753 7.65197
7.8999999999998751 7.65197
7.9099999999998749 7.91115
7.9199999999998747 8.16197
7.9299999999998745 8.4052
7.9399999999998743 8.52417
7.9499999999998741 8.52417
7.9599999999998738 8.52417
7.9699999999998736 8.75721
7.9799999999998734 8.98412
7.9899999999998732 9.20537
7.999999999999873 9.314
8.0099999999998737 9.42137
8.0199999999998735 9.42137
8.0299999999998732 9.63247
8.039999999999873 9.83899
8.0499999999998728 9.94063
8.0599999999998726 10.1408
8.0699999999998724 10.3371
8.0799999999998722 10.3371
8.089999999999872 10.3371
8.0999999999998717 10.4338
8.1099999999998715 10.6246
8.1199999999998713 10.8121
8.1299999999998711 10.9963
8.1399999999998709 11.1774
8.1499999999998707 11.2669
8.1599999999998705 11.2669
8.1699999999998703 11.2669
8.17999999999987 11.3556
8.1899999999998698 11.5311
8.1999999999998696 11.6178
8.2099999999998694 11.7893
8.2199999999998692 11.9583
8.229999999999869 12.125
8.2399999999998688 12.2075
8.2499999999998685 12.2075
8.2599999999998683 12.2075
8.2699999999998681 12.2075
8.2799999999998679 12.3708
8.2899999999998677 12.5319
8.2999999999998675 12.6117
8.3099999999998673 12.7698
8.3199999999998671 12.7698
8.3299999999998668 6.3849
8.3399999999998666 6.3849
8.3499999999998664 6.3849
8.3599999999998662 6.3849
8.369999999999866 6.3849
8.3799999999998658 6.3849
8.3899999999998656 6.3849
8.3999999999998654 6.3849
8.4099999999998651 6.3849
8.4199999999998649 6.3849
8.4299999999998647 6.54152
8.4399999999998645 6.54152
8.4499999999998643 6.54152
8.4599999999998641 6.54152
8.4699999999998639 6.69439
8.4799999999998636 6.69439
8.4899999999998634 6.98988
8.4999999999998632 7.27314
8.509999999999863 7.41063
8.5199999999998628 7.41063
8.5299999999998626 7.41063
8.5399999999998624 7.41063
8.5499999999998622 7.41063
8.5599999999998619 7.6781
8.5699999999998617 7.80834
8.5799999999998615 8.06241
8.5899999999998613 8.3086
8.5999999999998611 8.3086
8.6099999999998609 8.3086
8.6199999999998607 8.3086
8.6299999999998604 8.3086
8.6399999999998602 8.3086
8.64999999999986 8.54759
8.6599999999998598 8.78
8.6699999999998596 8.89389
8.6799999999998594 9.11736
8.6899999999998592 9.22704
8.699999999999859 9.22704
8.7099999999998587 9.22704
8.7199999999998585 9.22704
8.7299999999998583 9.22704
8.7399999999998581 9.33542
8.7499999999998579 9.54844
8.7599999999998577 9.75677
8.7699999999998575 9.85926
8.7799999999998573 10.0611
8.789999999999857 10.1605
8.7999999999998568 10.1605
8.8099999999998566 10.1605
8.8199999999998564 10.1605
8.8299999999998562 10.1605
8.839999999999856 10.2589
8.8499999999998558 10.4529
8.8599999999998555 10.6434
8.8699999999998553 10.8305
8.8799999999998551 10.9228
8.8899999999998549 11.1052
8.8999999999998547 11.1052
8.9099999999998545 11.1052
8.9199999999998543 11.2845
8.9299999999998541 11.3731
8.9399999999998538 11.5483
8.9499999999998536 11.7209
8.9599999999998534 11.8909
8.9699999999998532 12.0585
8.979999999999853 12.0585
8.9899999999998528 12.1414
8.9999999999998526 12.3056
9.0099999999998523 12.4676
9.0199999999998521 12.6275
9.0299999999998519 12.7067
9.0399999999998517 12.8636
9.0499999999998515 13.0186
9.0599999999998513 13.1718
9.0699999999998511 13.3232
9.0799999999998509 13.3982
9.0899999999998506 13.5471
9.0999999999998504 13.6943
9.1099999999998502 13.7674
9.11999999999985 13.9122
9.1299999999998498 13.9841
9.1399999999998496 14.0556
9.1499999999998494 7.02782
9.1599999999998492 7.02782
9.1699999999998489 7.02782
9.1799999999998487 7.02782
9.1899999999998485 7.02782
9.1999999999998483 7.02782
9.2099999999998481 7.02782
9.2199999999998479 7.02782
9.2299999999998477 7.17011
9.2399999999998474 7.17011
9.2499999999998472 7.17011
9.259999999999847 7.17011
9.2699999999998468 7.17011
9.2799999999998466 7.17011
9.2899999999998464 7.44638
9.2999999999998462 7.58068
9.309999999999846 7.84225
9.3199999999998457 8.09524
9.3299999999998455 8.09524
9.3399999999998453 8.09524
9.3499999999998451 8.34044
9.3599999999998449 8.46034
9.3699999999998447 8.69511
9.3799999999998445 8.92362
9.3899999999998442 9.03568
9.399999999999844 9.03568
9.4099999999998438 9.03568
9.4199999999998436 9.25569
9.4299999999998434 9.47052
9.4399999999998432 9.68054
9.449999999999843 9.88605
9.4599999999998428 9.9872
9.4699999999998425 9.9872
9.4799999999998423 9.9872
9.4899999999998421 10.0873
9.4999999999998419 10.2846
9.5099999999998417 10.3819
9.5199999999998415 10.5736
9.5299999999998413 10.7619
9.5399999999998411 10.8549
9.5499999999998408 10.8549
9.5599999999998406 10.8549
9.5699999999998404 10.8549
9.5799999999998402 11.0383
9.58999999999984 11.2188
9.5999999999998398 11.3964
9.6099999999998396 11.4841
9.6199999999998393 11.6576
9.6299999999998391 11.7434
9.6399999999998389 11.7434
9.6499999999998387 11.7434
9.6599999999998385 11.8285
9.6699999999998383 11.9131
9.6799999999998381 12.0804
9.6899999999998379 12.2454
9.6999999999998376 12.4081
9.7099999999998374 12.5688
9.7199999999998372 12.6484
9.729999999999837 12.6484
9.7399999999998368 12.6484
9.7499999999998366 12.6484
9.7599999999998364 12.806
9.7699999999998361 12.8841
9.7799999999998359 13.0389
9.7899999999998357 13.1918
9.7999999999998355 13.343
9.8099999999998353 13.4925
9.8199999999998351 13.5666
9.8299999999998349 13.5666
9.8399999999998347 13.6403
9.8499999999998344 13.7865
9.8599999999998342 13.9312
9.869999999999834 14.003
9.8799999999998338 14.1454
9.8899999999998336 14.2865
9.8999999999998334 14.4261
9.9099999999998332 14.4261
9.919999999999833 14.4261
9.9299999999998327 14.4261
9.9399999999998325 7.21307
9.9499999999998323 7.21307
9.9599999999998321 7.21307
9.9699999999998319 7.21307
9.9799999999998317 7.21307
9.9899999999998315 7.21307
9.9999999999998312 7.21307
