0 1
0.01 1
0.02 1
0.029999999999999999 1
0.040000000000000001 1
0.050000000000000003 1
0.060000000000000005 1
0.070000000000000007 1
0.080000000000000002 1
0.089999999999999997 1
0.099999999999999992 1
0.10999999999999999 1
0.11999999999999998 2
0.12999999999999998 2
0.13999999999999999 2
0.14999999999999999 2
0.16 2
0.17000000000000001 2
0.18000000000000002 2
0.19000000000000003 2
0.20000000000000004 2
0.21000000000000005 2
0.22000000000000006 2
0.23000000000000007 2
0.24000000000000007 4
0.25000000000000006 4
0.26000000000000006 4
0.27000000000000007 4
0.28000000000000008 4
0.29000000000000009 4
0.3000000000000001 4
0.31000000000000011 4
0.32000000000000012 4
0.33000000000000013 4
0.34000000000000014 4
0.35000000000000014 7
0.36000000000000015 8
0.37000000000000016 8
0.38000000000000017 8
0.39000000000000018 8
0.40000000000000019 8
0.4100000000000002 8
0.42000000000000021 8
0.43000000000000022 8
0.44000000000000022 8
0.45000000000000023 8
0.46000000000000024 8
0.47000000000000025 16
0.48000000000000026 16
0.49000000000000027 16
0.50000000000000022 16
0.51000000000000023 16
0.52000000000000024 16
0.53000000000000025 16
0.54000000000000026 16
0.55000000000000027 16
0.56000000000000028 16
0.57000000000000028 16
0.58000000000000029 23
0.5900000000000003 24
0.60000000000000031 32
0.61000000000000032 32
0.62000000000000033 32
0.63000000000000034 32
0.64000000000000035 32
0.65000000000000036 32
0.66000000000000036 32
0.67000000000000037 32
0.68000000000000038 32
0.69000000000000039 32
0.7000000000000004 32.4964
0.71000000000000041 32.4964
0.72000000000000042 16
0.73000000000000043 16
0.74000000000000044 16
0.75000000000000044 16
0.76000000000000045 16
0.77000000000000046 16
0.78000000000000047 16
0.79000000000000048 16
0.80000000000000049 16
0.8100000000000005 16
0.82000000000000051 16
0.83000000000000052 16
0.84000000000000052 16.0625
0.85000000000000053 16.0625
0.86000000000000054 16.0625
0.87000000000000055 16.0625
0.88000000000000056 16.0625
0.89000000000000057 16.0625
0.90000000000000058 16.0625
0.91000000000000059 16.0625
0.9200000000000006 16.0625
0.9300000000000006 16.0625
0.94000000000000061 16.0625
0.95000000000000062 16.0625
0.96000000000000063 16.0625
0.97000000000000064 16.0625
0.98000000000000065 16.0625
0.99000000000000066 16.0625
1.0000000000000007 16.0625
1.0100000000000007 16.0625
1.0200000000000007 16.0625
1.0300000000000007 16.0625
1.0400000000000007 1
1.0500000000000007 1
1.0600000000000007 1
1.0700000000000007 1
1.0800000000000007 1
1.0900000000000007 1
1.1000000000000008 1
1.1100000000000008 1
1.1200000000000008 1
1.1300000000000008 1
1.1400000000000008 1
1.1500000000000008 1
1.1600000000000008 2
1.1700000000000008 2
1.1800000000000008 2
1.1900000000000008 2
1.2000000000000008 2
1.2100000000000009 2
1.2200000000000009 2
1.2300000000000009 2
1.2400000000000009 2
1.2500000000000009 2
1.2600000000000009 2
1.2700000000000009 2
1.2800000000000009 3
1.2900000000000009 3
1.3000000000000009 3
1.3100000000000009 3
1.320000000000001 3
1.330000000000001 3
1.340000000000001 3
1.350000000000001 3
1.360000000000001 3
1.370000000000001 3
1.380000000000001 3
1.390000000000001 5
1.400000000000001 5
1.410000000000001 5
1.420000000000001 5
1.430000000000001 5
1.4400000000000011 5
1.4500000000000011 5
1.4600000000000011 5
1.4700000000000011 5
1.4800000000000011 5
1.4900000000000011 5
1.5000000000000011 5
1.5100000000000011 8
1.5200000000000011 8
1.5300000000000011 8
1.5400000000000011 8
1.5500000000000012 8
1.5600000000000012 8
1.5700000000000012 8
1.5800000000000012 8
1.5900000000000012 8
1.6000000000000012 8
1.6100000000000012 8
1.6200000000000012 8
1.6300000000000012 9.06232
1.6400000000000012 9.06232
1.6500000000000012 9.06232
1.6600000000000013 9.06232
1.6700000000000013 9.06232
1.6800000000000013 9.06232
1.6900000000000013 9.06232
1.7000000000000013 9.06232
1.7100000000000013 9.06232
1.7200000000000013 9.06232
1.7300000000000013 9.06232
1.7400000000000013 9.06232
1.7500000000000013 10.0113
1.7600000000000013 10.0113
1.7700000000000014 10.0113
1.7800000000000014 10.0113
1.7900000000000014 10.0113
1.8000000000000014 10.0113
1.8100000000000014 10.0113
1.8200000000000014 10.0113
1.8300000000000014 10.0113
1.8400000000000014 10.0113
1.8500000000000014 10.0113
1.8600000000000014 10.0113
1.8700000000000014 10.9689
1.8800000000000014 10.9689
1.8900000000000015 10.9689
1.9000000000000015 10.9689
1.9100000000000015 10.9689
1.9200000000000015 10.9689
1.9300000000000015 10.9689
1.9400000000000015 10.9689
1.9500000000000015 10.9689
1.9600000000000015 10.9689
1.9700000000000015 10.9689
1.9800000000000015 11.3292
1.9900000000000015 11.8488
2.0000000000000013 11.8488
2.0100000000000011 11.8488
2.0200000000000009 11.8488
2.0300000000000007 11.8488
2.0400000000000005 11.8488
2.0500000000000003 11.8488
2.0600000000000001 11.8488
2.0699999999999998 11.8488
2.0799999999999996 11.8488
2.0899999999999994 11.8488
2.0999999999999992 12.3465
2.109999999999999 12.7463
2.1199999999999988 12.7463
2.1299999999999986 12.7463
2.1399999999999983 12.7463
2.1499999999999981 12.7463
2.1599999999999979 12.7463
2.1699999999999977 12.7463
2.1799999999999975 12.7463
2.1899999999999973 12.7463
2.1999999999999971 12.7463
2.2099999999999969 12.7463
2.2199999999999966 13.4358
2.2299999999999964 13.6579
2.2399999999999962 13.6579
2.249999999999996 13.6579
2.2599999999999958 13.6579
2.2699999999999956 13.6579
2.2799999999999954 13.6579
2.2899999999999952 13.6579
2.2999999999999949 13.6579
2.3099999999999947 13.6579
2.3199999999999945 13.6579
2.3299999999999943 13.6579
2.3399999999999941 13.6579
2.3499999999999939 14.5809
2.3599999999999937 14.5809
2.3699999999999934 14.5809
2.3799999999999932 14.5809
2.389999999999993 14.5809
2.3999999999999928 14.5809
2.4099999999999926 14.5809
2.4199999999999924 14.5809
2.4299999999999922 14.5809
2.439999999999992 14.5809
2.4499999999999917 14.5809
2.4599999999999915 14.5809
2.4699999999999913 7.49384
2.4799999999999911 7.49384
2.4899999999999909 7.49384
2.4999999999999907 7.49384
2.5099999999999905 7.49384
2.5199999999999902 7.49384
2.52999999999999 7.49384
2.5399999999999898 7.49384
2.5499999999999896 7.49384
2.5599999999999894 7.49384
2.5699999999999892 7.49384
2.579999999999989 7.49384
2.5899999999999888 7.49384
2.5999999999999885 7.62728
2.6099999999999883 7.62728
2.6199999999999881 7.62728
2.6299999999999879 7.62728
2.6399999999999877 7.62728
2.6499999999999875 7.62728
2.6599999999999873 7.62728
2.6699999999999871 7.62728
2.6799999999999868 7.62728
2.6899999999999866 7.62728
2.6999999999999864 7.62728
2.7099999999999862 8.26172
2.719999999999986 8.50205
2.7299999999999858 8.50205
2.7399999999999856 8.50205
2.7499999999999853 8.50205
2.7599999999999851 8.50205
2.7699999999999849 8.50205
2.7799999999999847 8.50205
2.7899999999999845 8.50205
2.7999999999999843 8.50205
2.8099999999999841 8.50205
2.8199999999999839 8.50205
2.8299999999999836 9.40139
2.8399999999999834 9.40139
2.8499999999999832 9.40139
2.859999999999983 9.40139
2.8699999999999828 9.40139
2.8799999999999826 9.40139
2.8899999999999824 9.40139
2.8999999999999821 9.40139
2.9099999999999819 9.40139
2.9199999999999817 9.40139
2.9299999999999815 9.40139
2.9399999999999813 9.61293
2.9499999999999811 10.3189
2.9599999999999809 10.3189
2.9699999999999807 10.3189
2.9799999999999804 10.3189
2.9899999999999802 10.3189
2.99999999999998 10.3189
3.0099999999999798 10.3189
3.0199999999999796 10.3189
3.0299999999999794 10.3189
3.0399999999999792 10.3189
3.049999999999979 10.3189
3.0599999999999787 11.2502
3.0699999999999785 11.2502
3.0799999999999783 11.2502
3.0899999999999781 11.2502
3.0999999999999779 11.2502
3.1099999999999777 11.2502
3.1199999999999775 11.2502
3.1299999999999772 11.2502
3.139999999999977 11.2502
3.1499999999999768 11.2502
3.1599999999999766 11.2502
3.1699999999999764 11.2502
3.1799999999999762 12.1921
3.189999999999976 12.1921
3.1999999999999758 12.1921
3.2099999999999755 12.1921
3.2199999999999753 12.1921
3.2299999999999751 12.1921
3.2399999999999749 12.1921
3.2499999999999747 12.1921
3.2599999999999745 12.1921
3.2699999999999743 12.1921
3.279999999999974 12.1921
3.2899999999999738 12.9114
3.2999999999999736 13.1424
3.3099999999999734 13.1424
3.3199999999999732 13.1424
3.329999999999973 13.1424
3.3399999999999728 13.1424
3.3499999999999726 13.1424
3.3599999999999723 13.1424
3.3699999999999721 13.1424
3.3799999999999719 13.1424
3.3899999999999717 13.1424
3.3999999999999715 13.1424
3.4099999999999713 14.0994
3.4199999999999711 14.0994
3.4299999999999708 14.0994
3.4399999999999706 14.0994
3.4499999999999704 14.0994
3.4599999999999702 14.0994
3.46999999999997 14.0994
3.4799999999999698 14.0994
3.4899999999999696 14.0994
3.4999999999999694 14.0994
3.5099999999999691 14.0994
3.5199999999999689 14.0994
3.5299999999999687 14.7254
3.5399999999999685 15.0618
3.5499999999999683 15.0618
3.5599999999999681 15.0618
3.5699999999999679 15.0618
3.5799999999999677 15.0618
3.5899999999999674 15.0618
3.5999999999999672 15.0618
3.609999999999967 15.0618
3.6199999999999668 15.0618
3.6299999999999666 15.0618
3.6399999999999664 15.0618
3.6499999999999662 15.0618
3.6599999999999659 16.0288
3.6699999999999657 16.0288
3.6799999999999655 16.0288
3.6899999999999653 16.0288
3.6999999999999651 16.0288
3.7099999999999649 16.0288
3.7199999999999647 16.0288
3.7299999999999645 16.0288
3.7399999999999642 16.0288
3.749999999999964 16.0288
3.7599999999999638 16.0288
3.7699999999999636 16.4605
3.7799999999999634 16.9994
3.7899999999999632 16.9994
3.799999999999963 16.9994
3.8099999999999627 16.9994
3.8199999999999625 16.9994
3.8299999999999623 16.9994
3.8399999999999621 16.9994
3.8499999999999619 16.9994
3.8599999999999617 16.9994
3.8699999999999615 16.9994
3.8799999999999613 16.9994
3.889999999999961 17.9174
3.8999999999999608 17.9174
3.9099999999999606 17.9174
3.9199999999999604 17.9174
3.9299999999999602 17.9174
3.93999999999996 17.9174
3.9499999999999598 17.9174
3.9599999999999596 17.9174
3.9699999999999593 17.9174
3.9799999999999591 17.9174
3.9899999999999589 17.9174
3.9999999999999587 18.0288
4.0099999999999589 18.8437
4.0199999999999587 18.8437
4.0299999999999585 18.8437
4.0399999999999583 18.8437
4.0499999999999581 18.8437
4.0599999999999579 18.8437
4.0699999999999577 18.8437
4.0799999999999574 18.8437
4.0899999999999572 18.8437
4.099999999999957 18.8437
4.1099999999999568 18.8437
4.1199999999999566 19.4194
4.1299999999999564 19.7771
4.1399999999999562 19.7771
4.1499999999999559 19.7771
4.1599999999999557 19.7771
4.1699999999999555 19.7771
4.1799999999999553 19.7771
4.1899999999999551 19.7771
4.1999999999999549 19.7771
4.2099999999999547 19.7771
4.2199999999999545 19.7771
4.2299999999999542 19.7771
4.239999999999954 20.4246
4.2499999999999538 20.7166
4.2599999999999536 20.7166
4.2699999999999534 20.7166
4.2799999999999532 20.7166
4.289999999999953 20.7166
4.2999999999999527 20.7166
4.3099999999999525 20.7166
4.3199999999999523 20.7166
4.3299999999999521 20.7166
4.3399999999999519 20.7166
4.3499999999999517 20.7166
4.3599999999999515 20.8131
4.3699999999999513 10.4545
4.379999999999951 10.4545
4.3899999999999508 10.4545
4.3999999999999506 10.4545
4.4099999999999504 10.4545
4.4199999999999502 10.4545
4.42999999999995 10.4545
4.4399999999999498 10.4545
4.4499999999999496 10.4545
4.4599999999999493 10.4545
4.4699999999999491 10.4545
4.4799999999999489 10.4545
4.4899999999999487 10.5502
4.4999999999999485 10.5502
4.5099999999999483 10.5502
4.5199999999999481 10.5502
4.5299999999999478 10.5502
4.5399999999999476 10.5502
4.5499999999999474 10.5502
4.5599999999999472 10.5502
4.569999999999947 10.5502
4.5799999999999468 10.5502
4.5899999999999466 10.5502
4.5999999999999464 10.5502
4.6099999999999461 10.5502
4.6199999999999459 10.5502
4.6299999999999457 10.5502
4.6399999999999455 10.5502
4.6499999999999453 10.5502
4.6599999999999451 10.5502
4.6699999999999449 10.5502
4.6799999999999446 10.5502
4.6899999999999444 1
4.6999999999999442 1
4.709999999999944 1
4.7199999999999438 1
4.7299999999999436 1
4.7399999999999434 1
4.7499999999999432 1
4.7599999999999429 1
4.7699999999999427 1
4.7799999999999425 1
4.7899999999999423 1
4.7999999999999421 1
4.8099999999999419 2
4.8199999999999417 2
4.8299999999999415 2
4.8399999999999412 2
4.849999999999941 2
4.8599999999999408 2
4.8699999999999406 2
4.8799999999999404 2
4.8899999999999402 2
4.89999999999994 2
4.9099999999999397 2
4.9199999999999395 4
4.9299999999999393 4
4.9399999999999391 4
4.9499999999999389 4
4.9599999999999387 4
4.9699999999999385 4
4.9799999999999383 4
4.989999999999938 4
4.9999999999999378 4
5.0099999999999376 4
5.0199999999999374 4
5.0299999999999372 4
5.039999999999937 5.57776
5.0499999999999368 5.57776
5.0599999999999365 5.57776
5.0699999999999363 5.57776
5.0799999999999361 5.57776
5.0899999999999359 5.57776
5.0999999999999357 5.57776
5.1099999999999355 5.57776
5.1199999999999353 5.57776
5.1299999999999351 5.57776
5.1399999999999348 5.57776
5.1499999999999346 5.57776
5.1599999999999344 6.42297
5.1699999999999342 6.42297
5.179999999999934 6.42297
5.1899999999999338 6.42297
5.1999999999999336 6.42297
5.2099999999999334 6.42297
5.2199999999999331 6.42297
5.2299999999999329 6.42297
5.2399999999999327 6.42297
5.2499999999999325 6.42297
5.2599999999999323 6.42297
5.2699999999999321 6.42297
5.2799999999999319 7.30649
5.2899999999999316 7.30649
5.2999999999999314 7.30649
5.3099999999999312 7.30649
5.319999999999931 7.30649
5.3299999999999308 7.30649
5.3399999999999306 7.30649
5.3499999999999304 7.30649
5.3599999999999302 7.30649
5.3699999999999299 7.30649
5.3799999999999297 7.30649
5.3899999999999295 7.30649
5.3999999999999293 7.83937
5.4099999999999291 7.96694
5.4199999999999289 7.96694
5.4299999999999287 7.96694
5.4399999999999284 7.96694
5.4499999999999282 7.96694
5.459999999999928 7.96694
5.4699999999999278 7.96694
5.4799999999999276 7.96694
5.4899999999999274 7.96694
5.4999999999999272 7.96694
5.509999999999927 7.96694
5.5199999999999267 3.98347
5.5299999999999265 3.98347
5.5399999999999263 3.98347
5.5499999999999261 3.98347
5.5599999999999259 3.98347
5.5699999999999257 3.98347
5.5799999999999255 3.98347
5.5899999999999253 3.98347
5.599999999999925 3.98347
5.6099999999999248 3.98347
5.6199999999999246 3.98347
5.6299999999999244 3.98347
5.6399999999999242 4.47066
5.649999999999924 4.47066
5.6599999999999238 4.47066
5.6699999999999235 4.47066
5.6799999999999233 4.47066
5.6899999999999231 4.47066
5.6999999999999229 4.47066
5.7099999999999227 4.47066
5.7199999999999225 4.47066
5.7299999999999223 4.47066
5.7399999999999221 4.47066
5.7499999999999218 5.11114
5.7599999999999216 5.30679
5.7699999999999214 5.30679
5.7799999999999212 5.30679
5.789999999999921 5.30679
5.7999999999999208 5.30679
5.8099999999999206 5.30679
5.8199999999999203 5.30679
5.8299999999999201 5.30679
5.8399999999999199 5.30679
5.8499999999999197 5.30679
5.8599999999999195 5.30679
5.8699999999999193 6.19019
5.8799999999999191 6.19019
5.8899999999999189 6.19019
5.8999999999999186 6.19019
5.9099999999999184 6.19019
5.9199999999999182 6.19019
5.929999999999918 6.19019
5.9399999999999178 6.19019
5.9499999999999176 6.19019
5.9599999999999174 6.19019
5.9699999999999172 6.19019
5.9799999999999169 6.19019
5.9899999999999167 7.10335
5.9999999999999165 7.10335
6.0099999999999163 7.10335
6.0199999999999161 7.10335
6.0299999999999159 7.10335
6.0399999999999157 7.10335
6.0499999999999154 7.10335
6.0599999999999152 7.10335
6.069999999999915 7.10335
6.0799999999999148 7.10335
6.0899999999999146 7.10335
6.0999999999999144 8.0363
6.1099999999999142 8.0363
6.119999999999914 8.0363
6.1299999999999137 8.0363
6.1399999999999135 8.0363
6.1499999999999133 8.0363
6.1599999999999131 8.0363
6.1699999999999129 8.0363
6.1799999999999127 8.0363
6.1899999999999125 8.0363
6.1999999999999122 8.0363
6.209999999999912 8.0363
6.2199999999999118 8.0363
6.2299999999999116 8.983
6.2399999999999114 8.983
6.2499999999999112 8.983
6.259999999999911 8.983
6.2699999999999108 8.983
6.2799999999999105 8.983
6.2899999999999103 8.983
6.2999999999999101 8.983
6.3099999999999099 8.983
6.3199999999999097 8.983
6.3299999999999095 8.983
6.3399999999999093 8.983
6.3499999999999091 9.83797
6.3599999999999088 9.83797
6.3699999999999086 9.83797
6.3799999999999084 9.83797
6.3899999999999082 9.83797
6.399999999999908 9.83797
6.4099999999999078 9.83797
6.4199999999999076 9.83797
6.4299999999999073 9.83797
6.4399999999999071 9.83797
6.4499999999999069 9.83797
6.4599999999999067 9.83797
6.4699999999999065 10.7178
6.4799999999999063 10.7178
6.4899999999999061 10.7178
6.4999999999999059 10.7178
6.5099999999999056 10.7178
6.5199999999999054 10.7178
6.5299999999999052 10.7178
6.539999999999905 10.7178
6.5499999999999048 10.7178
6.5599999999999046 10.7178
6.5699999999999044 10.7178
6.5799999999999041 11.1765
6.5899999999999039 11.6169
6.5999999999999037 11.6169
6.6099999999999035 11.6169
6.6199999999999033 11.6169
6.6299999999999031 11.6169
6.6399999999999029 11.6169
6.6499999999999027 11.6169
6.6599999999999024 11.6169
6.6699999999999022 11.6169
6.679999999999902 11.6169
6.6899999999999018 11.6169
6.6999999999999016 12.5311
6.7099999999999014 12.5311
6.7199999999999012 12.5311
6.729999999999901 12.5311
6.7399999999999007 12.5311
6.7499999999999005 12.5311
6.7599999999999003 12.5311
6.7699999999999001 12.5311
6.7799999999998999 12.5311
6.7899999999998997 12.5311
6.7999999999998995 12.5311
6.8099999999998992 12.5311
6.819999999999899 13.4573
6.8299999999998988 13.4573
6.8399999999998986 13.4573
6.8499999999998984 13.4573
6.8599999999998982 13.4573
6.869999999999898 13.4573
6.8799999999998978 13.4573
6.8899999999998975 13.4573
6.8999999999998973 13.4573
6.9099999999998971 13.4573
6.9199999999998969 13.4573
6.9299999999998967 13.9692
6.9399999999998965 14.3933
6.9499999999998963 14.3933
6.959999999999896 14.3933
6.9699999999998958 14.3933
6.9799999999998956 14.3933
6.9899999999998954 14.3933
6.9999999999998952 14.3933
7.009999999999895 14.3933
7.0199999999998948 14.3933
7.0299999999998946 14.3933
7.0399999999998943 14.3933
7.0499999999998941 15.3373
7.0599999999998939 15.3373
7.0699999999998937 15.3373
7.0799999999998935 15.3373
7.0899999999998933 15.3373
7.0999999999998931 15.3373
7.1099999999998929 15.3373
7.1199999999998926 15.3373
7.1299999999998924 15.3373
7.1399999999998922 15.3373
7.149999999999892 15.3373
7.1599999999998918 15.3373
7.1699999999998916 16.2878
7.1799999999998914 16.2878
7.1899999999998911 16.2878
7.1999999999998909 16.2878
7.2099999999998907 16.2878
7.2199999999998905 16.2878
7.2299999999998903 16.2878
7.2399999999998901 16.2878
7.2499999999998899 16.2878
7.2599999999998897 16.2878
7.2699999999998894 16.2878
7.2799999999998892 16.2878
7.289999999999889 16.4103
7.2999999999998888 8.50492
7.3099999999998886 8.50492
7.3199999999998884 8.50492
7.3299999999998882 8.50492
7.3399999999998879 8.50492
7.3499999999998877 8.50492
7.3599999999998875 8.50492
7.3699999999998873 8.50492
7.3799999999998871 8.50492
7.3899999999998869 8.50492
7.3999999999998867 8.50492
7.4099999999998865 8.50492
7.4199999999998862 8.6225
7.429999999999886 8.6225
7.4399999999998858 8.6225
7.4499999999998856 8.6225
7.4599999999998854 8.6225
7.4699999999998852 8.6225
7.479999999999885 8.6225
7.4899999999998847 8.6225
7.4999999999998845 8.6225
7.5099999999998843 8.6225
7.5199999999998841 8.6225
7.5299999999998839 9.51032
7.5399999999998837 9.51032
7.5499999999998835 9.51032
7.5599999999998833 9.51032
7.569999999999883 9.51032
7.5799999999998828 9.51032
7.5899999999998826 9.51032
7.5999999999998824 9.51032
7.6099999999998822 9.51032
7.619999999999882 9.51032
7.6299999999998818 9.51032
7.6399999999998816 9.71947
7.6499999999998813 10.4181
7.6599999999998811 10.4181
7.6699999999998809 10.4181
7.6799999999998807 10.4181
7.6899999999998805 10.4181
7.6999999999998803 10.4181
7.7099999999998801 10.4181
7.7199999999998798 10.4181
7.7299999999998796 10.4181
7.7399999999998794 10.4181
7.7499999999998792 10.4181
7.759999999999879 11.3412
7.7699999999998788 11.3412
7.7799999999998786 11.3412
7.7899999999998784 11.3412
7.7999999999998781 11.3412
7.8099999999998779 11.3412
7.8199999999998777 11.3412
7.8299999999998775 11.3412
7.8399999999998773 11.3412
7.8499999999998771 11.3412
7.8599999999998769 11.3412
7.8699999999998766 11.3412
7.8799999999998764 12.2761
7.8899999999998762 12.2761
7.899999999999876 12.2761
7.9099999999998758 12.2761
7.9199999999998756 12.2761
7.9299999999998754 12.2761
7.9399999999998752 12.2761
7.9499999999998749 12.2761
7.9599999999998747 12.2761
7.9699999999998745 12.2761
7.9799999999998743 12.2761
7.9899999999998741 12.9133
7.9999999999998739 13.2203
8.0099999999998737 13.2203
8.0199999999998735 13.2203
8.0299999999998732 13.2203
8.039999999999873 13.2203
8.0499999999998728 13.2203
8.0599999999998726 13.2203
8.0699999999998724 13.2203
8.0799999999998722 13.2203
8.089999999999872 13.2203
8.0999999999998717 13.2203
8.1099999999998715 13.6679
8.1199999999998713 14.172
8.1299999999998711 14.172
8.1399999999998709 14.172
8.1499999999998707 14.172
8.1599999999998705 14.172
8.1699999999998703 14.172
8.17999999999987 14.172
8.1899999999998698 14.172
8.1999999999998696 14.172
8.2099999999998694 14.172
8.2199999999998692 14.172
8.229999999999869 14.172
8.2399999999998688 14.9968
8.2499999999998685 14.9968
8.2599999999998683 14.9968
8.2699999999998681 14.9968
8.2799999999998679 14.9968
8.2899999999998677 14.9968
8.2999999999998675 14.9968
8.3099999999998673 14.9968
8.3199999999998671 14.9968
8.3299999999998668 14.9968
8.3399999999998666 14.9968
8.3499999999998664 14.9968
8.3599999999998662 7.49839
8.369999999999866 7.49839
8.3799999999998658 7.49839
8.3899999999998656 7.49839
8.3999999999998654 7.49839
8.4099999999998651 7.49839
8.4199999999998649 7.49839
8.4299999999998647 7.49839
8.4399999999998645 7.49839
8.4499999999998643 7.49839
8.4599999999998641 7.49839
8.4699999999998639 7.49839
8.4799999999998636 7.63175
8.4899999999998634 7.63175
8.4999999999998632 7.63175
8.509999999999863 7.63175
8.5199999999998628 7.63175
8.5299999999998626 7.63175
8.5399999999998624 7.63175
8.5499999999998622 7.63175
8.5599999999998619 7.63175
8.5699999999998617 7.63175
8.5799999999998615 7.63175
8.5899999999998613 7.63175
8.5999999999998611 7.63175
8.6099999999998609 7.63175
8.6199999999998607 7.63175
8.6299999999998604 7.63175
8.6399999999998602 7.63175
8.64999999999986 7.63175
8.6599999999998598 7.63175
8.6699999999998596 7.63175
8.6799999999998594 1
8.6899999999998592 1
8.699999999999859 1
8.7099999999998587 1
8.7199999999998585 1
8.7299999999998583 1
8.7399999999998581 1
8.7499999999998579 1
8.7599999999998577 1
8.7699999999998575 1
8.7799999999998573 1
8.789999999999857 2
8.7999999999998568 2
8.8099999999998566 2
8.8199999999998564 2
8.8299999999998562 2
8.839999999999856 2
8.8499999999998558 2
8.8599999999998555 2
8.8699999999998553 2
8.8799999999998551 2
8.8899999999998549 2
8.8999999999998547 2
8.9099999999998545 3.33333
8.9199999999998543 3.33333
8.9299999999998541 3.33333
8.9399999999998538 3.33333
8.9499999999998536 3.33333
8.9599999999998534 3.33333
8.9699999999998532 3.33333
8.979999999999853 3.33333
8.9899999999998528 3.33333
8.9999999999998526 3.33333
9.0099999999998523 3.33333
9.0199999999998521 3.33333
9.0299999999998519 4.16441
9.0399999999998517 4.16441
9.0499999999998515 4.16441
9.0599999999998513 4.16441
9.0699999999998511 4.16441
9.0799999999998509 4.16441
9.0899999999998506 4.16441
9.0999999999998504 4.16441
9.1099999999998502 4.16441
9.11999999999985 4.16441
9.1299999999998498 4.16441
9.1399999999998496 4.16441
9.1499999999998494 5.05378
9.1599999999998492 5.05378
9.1699999999998489 5.05378
9.1799999999998487 5.05378
9.1899999999998485 5.05378
9.1999999999998483 5.05378
9.2099999999998481 5.05378
9.2199999999998479 5.05378
9.2299999999998477 5.05378
9.2399999999998474 5.05378
9.2499999999998472 5.05378
9.259999999999847 5.05378
9.2699999999998468 5.44207
9.2799999999998466 5.97588
9.2899999999998464 5.97588
9.2999999999998462 5.97588
9.309999999999846 5.97588
9.3199999999998457 5.97588
9.3299999999998455 5.97588
9.3399999999998453 5.97588
9.3499999999998451 5.97588
9.3599999999998449 5.97588
9.3699999999998447 5.97588
9.3799999999998445 5.97588
9.3899999999998442 6.61927
9.399999999999844 6.77034
9.4099999999998438 6.77034
9.4199999999998436 6.77034
9.4299999999998434 6.77034
9.4399999999998432 6.77034
9.449999999999843 6.77034
9.4599999999998428 6.77034
9.4699999999998425 6.77034
9.4799999999998423 6.77034
9.4899999999998421 6.77034
9.4999999999998419 6.77034
9.5099999999998417 7.61288
9.5199999999998415 7.61288
9.5299999999998413 7.61288
9.5399999999998411 7.61288
9.5499999999998408 7.61288
9.5599999999998406 7.61288
9.5699999999998404 7.61288
9.5799999999998402 7.61288
9.58999999999984 7.61288
9.5999999999998398 7.61288
9.6099999999998396 7.61288
9.6199999999998393 7.74424
9.6299999999998391 8.48916
9.6399999999998389 8.48916
9.6499999999998387 8.48916
9.6599999999998385 8.48916
9.6699999999998383 8.48916
9.6799999999998381 8.48916
9.6899999999998379 8.48916
9.6999999999998376 8.48916
9.7099999999998374 8.48916
9.7199999999998372 8.48916
9.729999999999837 8.48916
9.7399999999998368 9.38974
9.7499999999998366 9.38974
9.7599999999998364 9.38974
9.7699999999998361 9.38974
9.7799999999998359 9.38974
9.7899999999998357 9.38974
9.7999999999998355 9.38974
9.8099999999998353 9.38974
9.8199999999998351 9.38974
9.8299999999998349 9.38974
9.8399999999998347 9.38974
9.8499999999998344 9.38974
9.8599999999998342 10.3083
9.869999999999834 10.3083
9.8799999999998338 10.3083
9.8899999999998336 10.3083
9.8999999999998334 10.3083
9.9099999999998332 10.3083
9.919999999999833 10.3083
9.9299999999998327 10.3083
9.9399999999998325 10.3083
9.9499999999998323 10.3083
9.9599999999998321 10.3083
9.9699999999998319 10.3083
9.9799999999998317 11.2405
9.9899999999998315 11.2405
9.9999999999998312 11.2405
10.009999999999831 11.2405
10.019999999999831 11.2405
10.029999999999831 11.2405
10.03999999999983 11.2405
10.04999999999983 11.2405
10.05999999999983 11.2405
10.06999999999983 11.2405
10.07999999999983 11.2405
10.089999999999829 11.2405
10.099999999999829 12.1831
10.109999999999829 12.1831
10.119999999999829 12.1831
10.129999999999828 12.1831
10.139999999999828 12.1831
10.149999999999828 12.1831
10.159999999999828 12.1831
10.169999999999828 12.1831
10.179999999999827 12.1831
10.189999999999827 12.1831
10.199999999999827 12.1831
10.209999999999827 12.1831
10.219999999999827 12.4277
10.229999999999826 12.9805
10.239999999999826 12.9805
10.249999999999826 12.9805
10.259999999999826 12.9805
10.269999999999825 12.9805
10.279999999999825 12.9805
10.289999999999825 12.9805
10.299999999999825 12.9805
10.309999999999825 12.9805
10.319999999999824 12.9805
10.329999999999824 12.9805
10.339999999999824 12.9805
10.349999999999824 6.49023
10.359999999999824 6.49023
10.369999999999823 6.49023
10.379999999999823 6.49023
10.389999999999823 6.49023
10.399999999999823 6.49023
10.409999999999823 6.49023
10.419999999999822 6.49023
10.429999999999822 6.49023
10.439999999999822 6.49023
10.449999999999822 6.49023
10.459999999999821 6.49023
10.469999999999821 6.64431
10.479999999999821 6.64431
10.489999999999821 6.64431
10.499999999999821 6.64431
10.50999999999982 6.64431
10.51999999999982 6.64431
10.52999999999982 6.64431
10.53999999999982 6.64431
10.54999999999982 6.64431
10.559999999999819 6.64431
10.569999999999819 6.64431
10.579999999999819 6.64431
10.589999999999819 6.64431
10.599999999999818 6.64431
10.609999999999818 6.64431
10.619999999999818 6.64431
10.629999999999818 6.64431
10.639999999999818 6.64431
10.649999999999817 6.64431
10.659999999999817 6.64431
10.669999999999817 1
10.679999999999817 1
10.689999999999817 1
10.699999999999816 1
10.709999999999816 1
10.719999999999816 1
10.729999999999816 1
10.739999999999815 1
10.749999999999815 1
10.759999999999815 1
10.769999999999815 1
10.779999999999815 2
10.789999999999814 2
10.799999999999814 2
10.809999999999814 2
10.819999999999814 2
10.829999999999814 2
10.839999999999813 2
10.849999999999813 2
10.859999999999813 2
10.869999999999813 2
10.879999999999812 2
10.889999999999812 2
10.899999999999812 3.33333
10.909999999999812 3.33333
10.919999999999812 3.33333
10.929999999999811 3.33333
10.939999999999811 3.33333
10.949999999999811 3.33333
10.959999999999811 3.33333
10.969999999999811 3.33333
10.97999999999981 3.33333
10.98999999999981 3.33333
10.99999999999981 3.33333
11.00999999999981 3.33333
11.01999999999981 4.16441
11.029999999999809 4.16441
11.039999999999809 4.16441
11.049999999999809 4.16441
11.059999999999809 4.16441
11.069999999999808 4.16441
11.079999999999808 4.16441
11.089999999999808 4.16441
11.099999999999808 4.16441
11.109999999999808 4.16441
11.119999999999807 4.16441
11.129999999999807 4.16441
11.139999999999807 5.05378
11.149999999999807 5.05378
11.159999999999807 5.05378
11.169999999999806 5.05378
11.179999999999806 5.05378
11.189999999999806 5.05378
11.199999999999806 5.05378
11.209999999999805 5.05378
11.219999999999805 5.05378
11.229999999999805 5.05378
11.239999999999805 5.05378
11.249999999999805 5.05378
11.259999999999804 5.25165
11.269999999999804 5.97588
11.279999999999804 5.97588
11.289999999999804 5.97588
11.299999999999804 5.97588
11.309999999999803 5.97588
11.319999999999803 5.97588
11.329999999999803 5.97588
11.339999999999803 5.97588
11.349999999999802 5.97588
11.359999999999802 5.97588
11.369999999999802 5.97588
11.379999999999802 6.77034
11.389999999999802 6.77034
11.399999999999801 6.77034
11.409999999999801 6.77034
11.419999999999801 6.77034
11.429999999999801 6.77034
11.439999999999801 6.77034
11.4499999999998 6.77034
11.4599999999998 6.77034
11.4699999999998 6.77034
11.4799999999998 6.77034
11.489999999999799 6.77034
11.499999999999799 7.61288
11.509999999999799 7.61288
11.519999999999799 7.61288
11.529999999999799 7.61288
11.539999999999798 7.61288
11.549999999999798 7.61288
11.559999999999798 7.61288
11.569999999999798 7.61288
11.579999999999798 7.61288
11.589999999999797 7.61288
11.599999999999797 7.61288
11.609999999999797 8.48916
11.619999999999797 8.48916
11.629999999999797 8.48916
11.639999999999796 8.48916
11.649999999999796 8.48916
11.659999999999796 8.48916
11.669999999999796 8.48916
11.679999999999795 8.48916
11.689999999999795 8.48916
11.699999999999795 8.48916
11.709999999999795 8.48916
11.719999999999795 8.48916
11.729999999999794 9.38974
11.739999999999794 9.38974
11.749999999999794 9.38974
11.759999999999794 9.38974
11.769999999999794 9.38974
11.779999999999793 9.38974
11.789999999999793 9.38974
11.799999999999793 9.38974
11.809999999999793 9.38974
11.819999999999792 9.38974
11.829999999999792 9.38974
11.839999999999792 10.0116
11.849999999999792 10.3083
11.859999999999792 10.3083
11.869999999999791 10.3083
11.879999999999791 10.3083
11.889999999999791 10.3083
11.899999999999791 10.3083
11.909999999999791 10.3083
11.91999999999979 10.3083
11.92999999999979 10.3083
11.93999999999979 10.3083
11.94999999999979 10.3083
11.959999999999789 11.2405
11.969999999999789 11.2405
11.979999999999789 11.2405
11.989999999999789 11.2405
11.999999999999789 11.2405
12.009999999999788 11.2405
12.019999999999788 11.2405
12.029999999999788 11.2405
12.039999999999788 11.2405
12.049999999999788 11.2405
12.059999999999787 11.2405
12.069999999999787 11.5053
12.079999999999787 12.1831
12.089999999999787 12.1831
12.099999999999786 12.1831
12.109999999999786 12.1831
12.119999999999786 12.1831
12.129999999999786 12.1831
12.139999999999786 12.1831
12.149999999999785 12.1831
12.159999999999785 12.1831
12.169999999999785 12.1831
12.179999999999785 12.1831
12.189999999999785 12.3468
12.199999999999784 13.1341
12.209999999999784 13.1341
12.219999999999784 13.1341
12.229999999999784 13.1341
12.239999999999783 13.1341
12.249999999999783 13.1341
12.259999999999783 13.1341
12.269999999999783 13.1341
12.279999999999783 13.1341
12.289999999999782 13.1341
12.299999999999782 13.1341
12.309999999999782 13.1341
12.319999999999782 14.0203
12.329999999999782 14.0203
12.339999999999781 14.0203
12.349999999999781 14.0203
12.359999999999781 14.0203
12.369999999999781 14.0203
12.379999999999781 14.0203
12.38999999999978 14.0203
12.39999999999978 14.0203
12.40999999999978 14.0203
12.41999999999978 14.0203
12.429999999999779 14.0203
12.439999999999779 7.01017
12.449999999999779 7.01017
12.459999999999779 7.01017
12.469999999999779 7.01017
12.479999999999778 7.01017
12.489999999999778 7.01017
12.499999999999778 7.01017
12.509999999999778 7.01017
12.519999999999778 7.01017
12.529999999999777 7.01017
12.539999999999777 7.01017
12.549999999999777 7.01017
12.559999999999777 7.15282
12.569999999999776 7.15282
12.579999999999776 7.15282
12.589999999999776 7.15282
12.599999999999776 7.15282
12.609999999999776 7.15282
12.619999999999775 7.15282
12.629999999999775 7.15282
12.639999999999775 7.15282
12.649999999999775 7.15282
12.659999999999775 7.15282
12.669999999999774 7.15282
12.679999999999774 7.15282
12.689999999999774 7.15282
12.699999999999774 7.15282
12.709999999999773 7.15282
12.719999999999773 7.15282
12.729999999999773 7.15282
12.739999999999773 7.15282
12.749999999999773 7.15282
12.759999999999772 1
12.769999999999772 1
12.779999999999772 1
12.789999999999772 1
12.799999999999772 1
12.809999999999771 1
12.819999999999771 1
12.829999999999771 1
12.839999999999771 1
12.84999999999977 1
12.85999999999977 1
12.86999999999977 2
12.87999999999977 2
12.88999999999977 2
12.899999999999769 2
12.909999999999769 2
12.919999999999769 2
12.929999999999769 2
12.939999999999769 2
12.949999999999768 2
12.959999999999768 2
12.969999999999768 2
12.979999999999768 2
12.989999999999768 3.33333
12.999999999999767 3.33333
13.009999999999767 3.33333
13.019999999999767 3.33333
13.029999999999767 3.33333
13.039999999999766 3.33333
13.049999999999766 3.33333
13.059999999999766 3.33333
13.069999999999766 3.33333
13.079999999999766 3.33333
13.089999999999765 3.33333
13.099999999999765 3.33333
13.109999999999765 4.16441
13.119999999999765 4.16441
13.129999999999765 4.16441
13.139999999999764 4.16441
13.149999999999764 4.16441
13.159999999999764 4.16441
13.169999999999764 4.16441
13.179999999999763 4.16441
13.189999999999763 4.16441
13.199999999999763 4.16441
13.209999999999763 4.16441
13.219999999999763 4.16441
13.229999999999762 4.40454
13.239999999999762 5.05378
13.249999999999762 5.05378
13.259999999999762 5.05378
13.269999999999762 5.05378
13.279999999999761 5.05378
13.289999999999761 5.05378
13.299999999999761 5.05378
13.309999999999761 5.05378
13.31999999999976 5.05378
13.32999999999976 5.05378
13.33999999999976 5.05378
13.34999999999976 5.05378
13.35999999999976 5.97588
13.369999999999759 5.97588
13.379999999999759 5.97588
13.389999999999759 5.97588
13.399999999999759 5.97588
13.409999999999759 5.97588
13.419999999999758 5.97588
13.429999999999758 5.97588
13.439999999999758 5.97588
13.449999999999758 5.97588
13.459999999999757 5.97588
13.469999999999757 5.97588
13.479999999999757 6.77034
13.489999999999757 6.77034
13.499999999999757 6.77034
13.509999999999756 6.77034
13.519999999999756 6.77034
13.529999999999756 6.77034
13.539999999999756 6.77034
13.549999999999756 6.77034
13.559999999999755 6.77034
13.569999999999755 6.77034
13.579999999999755 6.77034
13.589999999999755 7.61288
13.599999999999755 7.61288
13.609999999999754 7.61288
13.619999999999754 7.61288
13.629999999999754 7.61288
13.639999999999754 7.61288
13.649999999999753 7.61288
13.659999999999753 7.61288
13.669999999999753 7.61288
13.679999999999753 7.61288
13.689999999999753 7.61288
13.699999999999752 7.61288
13.709999999999752 8.48916
13.719999999999752 8.48916
13.729999999999752 8.48916
13.739999999999752 8.48916
13.749999999999751 8.48916
13.759999999999751 8.48916
13.769999999999751 8.48916
13.779999999999751 8.48916
13.78999999999975 8.48916
13.79999999999975 8.48916
13.80999999999975 8.48916
13.81999999999975 9.17299
13.82999999999975 9.38974
13.839999999999749 9.38974
13.849999999999749 9.38974
13.859999999999749 9.38974
13.869999999999749 9.38974
13.879999999999749 9.38974
13.889999999999748 9.38974
13.899999999999748 9.38974
13.909999999999748 9.38974
13.919999999999748 9.38974
13.929999999999747 9.38974
13.939999999999747 10.3083
13.949999999999747 10.3083
13.959999999999747 10.3083
13.969999999999747 10.3083
13.979999999999746 10.3083
13.989999999999746 10.3083
13.999999999999746 10.3083
14.009999999999746 10.3083
14.019999999999746 10.3083
14.029999999999745 10.3083
14.039999999999745 10.3083
14.049999999999745 10.3083
14.059999999999745 11.2405
14.069999999999744 11.2405
14.079999999999744 11.2405
14.089999999999744 11.2405
14.099999999999744 11.2405
14.109999999999744 11.2405
14.119999999999743 11.2405
14.129999999999743 11.2405
14.139999999999743 11.2405
14.149999999999743 11.2405
14.159999999999743 11.2405
14.169999999999742 11.2405
14.179999999999742 11.8491
14.189999999999742 12.1831
14.199999999999742 12.1831
14.209999999999742 12.1831
14.219999999999741 12.1831
14.229999999999741 12.1831
14.239999999999741 12.1831
14.249999999999741 12.1831
14.25999999999974 12.1831
14.26999999999974 12.1831
14.27999999999974 12.1831
14.28999999999974 12.1831
14.29999999999974 12.1831
14.309999999999739 12.9805
14.319999999999739 12.9805
14.329999999999739 12.9805
14.339999999999739 12.9805
14.349999999999739 12.9805
14.359999999999738 12.9805
14.369999999999738 12.9805
14.379999999999738 12.9805
14.389999999999738 12.9805
14.399999999999737 12.9805
14.409999999999737 12.9805
14.419999999999737 12.9805
14.429999999999737 6.49023
14.439999999999737 6.49023
14.449999999999736 6.49023
14.459999999999736 6.49023
14.469999999999736 6.49023
14.479999999999736 6.49023
14.489999999999736 6.49023
14.499999999999735 6.49023
14.509999999999735 6.49023
14.519999999999735 6.49023
14.529999999999735 6.49023
14.539999999999734 6.64431
14.549999999999734 7.22716
14.559999999999734 7.22716
14.569999999999734 7.22716
14.579999999999734 7.22716
14.589999999999733 7.22716
14.599999999999733 7.22716
14.609999999999733 7.22716
14.619999999999733 7.22716
14.629999999999733 7.22716
14.639999999999732 7.22716
14.649999999999732 7.22716
14.659999999999732 8.14571
14.669999999999732 8.14571
14.679999999999731 8.14571
14.689999999999731 8.14571
14.699999999999731 8.14571
14.709999999999731 8.14571
14.719999999999731 8.14571
14.72999999999973 8.14571
14.73999999999973 8.14571
14.74999999999973 8.14571
14.75999999999973 8.14571
14.76999999999973 8.38941
14.779999999999729 9.08086
14.789999999999729 9.08086
14.799999999999729 9.08086
14.809999999999729 9.08086
14.819999999999729 9.08086
14.829999999999728 9.08086
14.839999999999728 9.08086
14.849999999999728 9.08086
14.859999999999728 9.08086
14.869999999999727 9.08086
14.879999999999727 9.08086
14.889999999999727 9.82554
14.899999999999727 10.028
14.909999999999727 10.028
14.919999999999726 10.028
14.929999999999726 10.028
14.939999999999726 10.028
14.949999999999726 10.028
14.959999999999726 10.028
14.969999999999725 10.028
14.979999999999725 10.028
14.989999999999725 10.028
14.999999999999725 10.028
15.009999999999724 10.9842
15.019999999999724 10.9842
15.029999999999724 10.9842
15.039999999999724 10.9842
15.049999999999724 10.9842
15.059999999999723 10.9842
15.069999999999723 10.9842
15.079999999999723 10.9842
15.089999999999723 10.9842
15.099999999999723 10.9842
15.109999999999722 10.9842
15.119999999999722 11.2551
15.129999999999722 11.863
15.139999999999722 11.863
15.149999999999721 11.863
15.159999999999721 11.863
15.169999999999721 11.863
15.179999999999721 11.863
15.189999999999721 11.863
15.19999999999972 11.863
15.20999999999972 11.863
15.21999999999972 11.863
15.22999999999972 11.863
15.23999999999972 11.863
15.249999999999719 12.7594
15.259999999999719 12.7594
15.269999999999719 12.7594
15.279999999999719 12.7594
15.289999999999718 12.7594
15.299999999999718 12.7594
15.309999999999718 12.7594
15.319999999999718 12.7594
15.329999999999718 12.7594
15.339999999999717 12.7594
15.349999999999717 12.7594
15.359999999999717 12.7594
15.369999999999717 6.37972
15.379999999999717 6.37972
15.389999999999716 6.37972
15.399999999999716 6.37972
15.409999999999716 6.37972
15.419999999999716 6.37972
15.429999999999715 6.37972
15.439999999999715 6.37972
15.449999999999715 6.37972
15.459999999999715 6.37972
15.469999999999715 6.37972
15.479999999999714 6.37972
15.489999999999714 6.53647
15.499999999999714 6.53647
15.509999999999714 6.53647
15.519999999999714 6.53647
15.529999999999713 6.53647
15.539999999999713 6.53647
15.549999999999713 6.53647
15.559999999999713 6.53647
15.569999999999713 6.53647
15.579999999999712 6.53647
15.589999999999712 6.53647
15.599999999999712 6.53647
15.609999999999712 6.53647
15.619999999999711 6.53647
15.629999999999711 6.53647
15.639999999999711 6.53647
15.649999999999711 6.53647
15.659999999999711 6.53647
15.66999999999971 6.53647
15.67999999999971 6.53647
15.68999999999971 1
15.69999999999971 1
15.70999999999971 1
15.719999999999709 1
15.729999999999709 1
15.739999999999709 1
15.749999999999709 1
15.759999999999708 1
15.769999999999708 1
15.779999999999708 1
15.789999999999708 1
15.799999999999708 1
15.809999999999707 2
15.819999999999707 2
15.829999999999707 2
15.839999999999707 2
15.849999999999707 2
15.859999999999706 2
15.869999999999706 2
15.879999999999706 2
15.889999999999706 2
15.899999999999705 2
15.909999999999705 2
15.919999999999705 3.33333
15.929999999999705 3.33333
15.939999999999705 3.33333
15.949999999999704 3.33333
15.959999999999704 3.33333
15.969999999999704 3.33333
15.979999999999704 3.33333
15.989999999999704 3.33333
15.999999999999703 3.33333
16.009999999999703 3.33333
16.019999999999705 3.33333
16.029999999999706 3.33333
16.039999999999708 4.16441
16.049999999999709 4.16441
16.059999999999711 4.16441
16.069999999999713 4.16441
16.079999999999714 4.16441
16.089999999999716 4.16441
16.099999999999717 4.16441
16.109999999999719 4.16441
16.11999999999972 4.16441
16.129999999999722 4.16441
16.139999999999723 4.16441
16.149999999999725 4.16441
16.159999999999727 5.05378
16.169999999999728 5.05378
16.17999999999973 5.05378
16.189999999999731 5.05378
16.199999999999733 5.05378
16.209999999999734 5.05378
16.219999999999736 5.05378
16.229999999999738 5.05378
16.239999999999739 5.05378
16.249999999999741 5.05378
16.259999999999742 5.05378
16.269999999999744 5.05378
16.279999999999745 5.05378
16.289999999999747 5.97588
16.299999999999748 5.97588
16.30999999999975 5.97588
16.319999999999752 5.97588
16.329999999999753 5.97588
16.339999999999755 5.97588
16.349999999999756 5.97588
16.359999999999758 5.97588
16.369999999999759 5.97588
16.379999999999761 5.97588
16.389999999999763 5.97588
16.399999999999764 5.97588
16.409999999999766 6.46458
16.419999999999767 6.77034
16.429999999999769 6.77034
16.43999999999977 6.77034
16.449999999999772 6.77034
16.459999999999773 6.77034
16.469999999999775 6.77034
16.479999999999777 6.77034
16.489999999999778 6.77034
16.49999999999978 6.77034
16.509999999999781 6.77034
16.519999999999783 6.77034
16.529999999999784 7.61288
16.539999999999786 7.61288
16.549999999999788 7.61288
16.559999999999789 7.61288
16.569999999999791 7.61288
16.579999999999792 7.61288
16.589999999999794 7.61288
16.599999999999795 7.61288
16.609999999999797 7.61288
16.619999999999798 7.61288
16.6299999999998 7.61288
16.639999999999802 7.61288
16.649999999999803 8.48916
16.659999999999805 8.48916
16.669999999999806 8.48916
16.679999999999808 8.48916
16.689999999999809 8.48916
16.699999999999811 8.48916
16.709999999999813 8.48916
16.719999999999814 8.48916
16.729999999999816 8.48916
16.739999999999817 8.48916
16.749999999999819 8.48916
16.75999999999982 9.38974
16.769999999999822 9.38974
16.779999999999824 9.38974
16.789999999999825 9.38974
16.799999999999827 9.38974
16.809999999999828 9.38974
16.81999999999983 9.38974
16.829999999999831 9.38974
16.839999999999833 9.38974
16.849999999999834 9.38974
16.859999999999836 9.38974
16.869999999999838 9.38974
16.879999999999839 10.3083
16.889999999999841 10.3083
16.899999999999842 10.3083
16.909999999999844 10.3083
16.919999999999845 10.3083
16.929999999999847 10.3083
16.939999999999849 10.3083
16.94999999999985 10.3083
16.959999999999852 10.3083
16.969999999999853 10.3083
16.979999999999855 10.3083
16.989999999999856 10.3083
16.999999999999858 11.2405
17.009999999999859 11.2405
17.019999999999861 11.2405
17.029999999999863 11.2405
17.039999999999864 11.2405
17.049999999999866 11.2405
17.059999999999867 11.2405
17.069999999999869 11.2405
17.07999999999987 11.2405
17.089999999999872 11.2405
17.099999999999874 11.2405
17.109999999999875 12.0173
17.119999999999877 12.1831
17.129999999999878 12.1831
17.13999999999988 12.1831
17.149999999999881 12.1831
17.159999999999883 12.1831
17.169999999999884 12.1831
17.179999999999886 12.1831
17.189999999999888 12.1831
17.199999999999889 12.1831
17.209999999999891 12.1831
17.219999999999892 12.1831
17.229999999999894 12.1831
17.239999999999895 13.1341
17.249999999999897 13.1341
17.259999999999899 13.1341
17.2699999999999 13.1341
17.279999999999902 13.1341
17.289999999999903 13.1341
17.299999999999905 13.1341
17.309999999999906 13.1341
17.319999999999908 13.1341
17.329999999999909 13.1341
17.339999999999911 13.1341
17.349999999999913 13.1341
17.359999999999914 13.8041
17.369999999999916 14.0203
17.379999999999917 14.0203
17.389999999999919 14.0203
17.39999999999992 14.0203
17.409999999999922 14.0203
17.419999999999924 14.0203
17.429999999999925 14.0203
17.439999999999927 14.0203
17.449999999999928 14.0203
17.45999999999993 14.0203
17.469999999999931 14.0203
17.479999999999933 7.01017
17.489999999999934 7.01017
17.499999999999936 7.01017
17.509999999999938 7.01017
17.519999999999939 7.01017
17.529999999999941 7.01017
17.539999999999942 7.01017
17.549999999999944 7.01017
17.559999999999945 7.01017
17.569999999999947 7.01017
17.579999999999949 7.01017
17.58999999999995 7.01017
17.599999999999952 7.15282
17.609999999999953 7.15282
17.619999999999955 7.15282
17.629999999999956 7.15282
17.639999999999958 7.15282
17.649999999999959 7.15282
17.659999999999961 7.15282
17.669999999999963 7.15282
17.679999999999964 7.15282
17.689999999999966 7.15282
17.699999999999967 7.15282
17.709999999999969 7.15282
17.71999999999997 7.15282
17.729999999999972 7.15282
17.739999999999974 7.15282
17.749999999999975 7.15282
17.759999999999977 7.15282
17.769999999999978 7.15282
17.77999999999998 7.15282
17.789999999999981 7.15282
17.799999999999983 1
17.809999999999985 1
17.819999999999986 1
17.829999999999988 1
17.839999999999989 1
17.849999999999991 1
17.859999999999992 1
17.869999999999994 1
17.879999999999995 1
17.889999999999997 1
17.899999999999999 1
17.91 1
17.920000000000002 2
17.930000000000003 2
17.940000000000005 2
17.950000000000006 2
17.960000000000008 2
17.97000000000001 2
17.980000000000011 2
17.990000000000013 2
18.000000000000014 2
18.010000000000016 2
18.020000000000017 2
18.030000000000019 3.33333
18.04000000000002 3.33333
18.050000000000022 3.33333
18.060000000000024 3.33333
18.070000000000025 3.33333
18.080000000000027 3.33333
18.090000000000028 3.33333
18.10000000000003 3.33333
18.110000000000031 3.33333
18.120000000000033 3.33333
18.130000000000035 3.33333
18.140000000000036 3.33333
18.150000000000038 4.16441
18.160000000000039 4.16441
18.170000000000041 4.16441
18.180000000000042 4.16441
18.190000000000044 4.16441
18.200000000000045 4.16441
18.210000000000047 4.16441
18.220000000000049 4.16441
18.23000000000005 4.16441
18.240000000000052 4.16441
18.250000000000053 4.16441
18.260000000000055 4.84749
18.270000000000056 5.05378
18.280000000000058 5.05378
18.29000000000006 5.05378
18.300000000000061 5.05378
18.310000000000063 5.05378
18.320000000000064 5.05378
18.330000000000066 5.05378
18.340000000000067 5.05378
18.350000000000069 5.05378
18.36000000000007 5.05378
18.370000000000072 5.05378
18.380000000000074 5.05378
18.390000000000075 5.97588
18.400000000000077 5.97588
18.410000000000078 5.97588
18.42000000000008 5.97588
18.430000000000081 5.97588
18.440000000000083 5.97588
18.450000000000085 5.97588
18.460000000000086 5.97588
18.470000000000088 5.97588
18.480000000000089 5.97588
18.490000000000091 5.97588
18.500000000000092 5.97588
18.510000000000094 6.14322
18.520000000000095 6.77034
18.530000000000097 6.77034
18.540000000000099 6.77034
18.5500000000001 6.77034
18.560000000000102 6.77034
18.570000000000103 6.77034
18.580000000000105 6.77034
18.590000000000106 6.77034
18.600000000000108 6.77034
18.61000000000011 6.77034
18.620000000000111 6.77034
18.630000000000113 7.61288
18.640000000000114 7.61288
18.650000000000116 7.61288
18.660000000000117 7.61288
18.670000000000119 7.61288
18.680000000000121 7.61288
18.690000000000122 7.61288
18.700000000000124 7.61288
18.710000000000125 7.61288
18.720000000000127 7.61288
18.730000000000128 7.61288
18.74000000000013 7.61288
18.750000000000131 8.48916
18.760000000000133 8.48916
18.770000000000135 8.48916
18.780000000000136 8.48916
18.790000000000138 8.48916
18.800000000000139 8.48916
18.810000000000141 8.48916
18.820000000000142 8.48916
18.830000000000144 8.48916
18.840000000000146 8.48916
18.850000000000147 8.48916
18.860000000000149 9.38974
18.87000000000015 9.38974
18.880000000000152 9.38974
18.890000000000153 9.38974
18.900000000000155 9.38974
18.910000000000156 9.38974
18.920000000000158 9.38974
18.93000000000016 9.38974
18.940000000000161 9.38974
18.950000000000163 9.38974
18.960000000000164 9.38974
18.970000000000166 9.38974
18.980000000000167 10.3083
18.990000000000169 10.3083
19.000000000000171 10.3083
19.010000000000172 10.3083
19.020000000000174 10.3083
19.030000000000175 10.3083
19.040000000000177 10.3083
19.050000000000178 10.3083
19.06000000000018 10.3083
19.070000000000181 10.3083
19.080000000000183 10.3083
19.090000000000185 10.8773
19.100000000000186 11.2405
19.110000000000188 11.2405
19.120000000000189 11.2405
19.130000000000191 11.2405
19.140000000000192 11.2405
19.150000000000194 11.2405
19.160000000000196 11.2405
19.170000000000197 11.2405
19.180000000000199 11.2405
19.1900000000002 11.2405
19.200000000000202 11.2405
19.210000000000203 12.1831
19.220000000000205 12.1831
19.230000000000206 12.1831
19.240000000000208 12.1831
19.25000000000021 12.1831
19.260000000000211 12.1831
19.270000000000213 12.1831
19.280000000000214 12.1831
19.290000000000216 12.1831
19.300000000000217 12.1831
19.310000000000219 12.1831
19.320000000000221 12.1831
19.330000000000222 12.9805
19.340000000000224 13.1341
19.350000000000225 13.1341
19.360000000000227 13.1341
19.370000000000228 13.1341
19.38000000000023 13.1341
19.390000000000231 13.1341
19.400000000000233 13.1341
19.410000000000235 13.1341
19.420000000000236 13.1341
19.430000000000238 13.1341
19.440000000000239 13.1341
19.450000000000241 13.1341
19.460000000000242 14.0203
19.470000000000244 14.0203
19.480000000000246 14.0203
19.490000000000247 14.0203
19.500000000000249 14.0203
19.51000000000025 14.0203
19.520000000000252 14.0203
19.530000000000253 14.0203
19.540000000000255 14.0203
19.550000000000257 14.0203
19.560000000000258 14.0203
19.57000000000026 7.01017
19.580000000000261 7.01017
19.590000000000263 7.01017
19.600000000000264 7.01017
19.610000000000266 7.01017
19.620000000000267 7.01017
19.630000000000269 7.01017
19.640000000000271 7.01017
19.650000000000272 7.01017
19.660000000000274 7.01017
19.670000000000275 7.01017
19.680000000000277 7.01017
19.690000000000278 7.69654
19.70000000000028 7.69654
19.710000000000282 7.69654
19.720000000000283 7.69654
19.730000000000285 7.69654
19.740000000000286 7.69654
19.750000000000288 7.69654
19.760000000000289 7.69654
19.770000000000291 7.69654
19.780000000000292 7.69654
19.790000000000294 7.69654
19.800000000000296 8.07996
19.810000000000297 8.56413
19.820000000000299 8.56413
19.8300000000003 8.56413
19.840000000000302 8.56413
19.850000000000303 8.56413
19.860000000000305 8.56413
19.870000000000307 8.56413
19.880000000000308 8.56413
19.89000000000031 8.56413
19.900000000000311 8.56413
19.910000000000313 8.56413
19.920000000000314 9.45749
19.930000000000316 9.45749
19.940000000000317 9.45749
19.950000000000319 9.45749
19.960000000000321 9.45749
19.970000000000322 9.45749
19.980000000000324 9.45749
19.990000000000325 9.45749
